100
(
(0 ((0 0 0) (0 0 0)))
(0.14 ((0 0 0) (0 0 0)))
(0.24 ((0.002 0 0) (0 0 0)))
(0.34 ((0.004 0 0) (0 0 0)))
(0.44 ((0.006 0 0) (0 0 0)))
(0.54 ((0.008 0 0) (0 0 0)))
(0.64 ((0.010 0 0) (0 0 0)))
(0.74 ((0.012 0 0) (0 0 0)))
(0.84 ((0.014 0 0) (0 0 0)))
(0.94 ((0.016 0 0) (0 0 0)))
(1.04 ((0.018 0 0) (0 0 0)))
(1.14 ((0.020 0 0) (0 0 0)))
(1.24 ((0.022 0 0) (0 0 0)))
(1.34 ((0.024 0 0) (0 0 0)))
(1.44 ((0.026 0 0) (0 0 0)))
(1.54 ((0.028 0 0) (0 0 0)))
(1.64 ((0.030 0 0) (0 0 0)))
(1.74 ((0.032 0 0) (0 0 0)))
(1.84 ((0.034 0 0) (0 0 0)))
(1.89 ((0.035 0 0) (0 0 0)))
(1.99 ((0.035 0 0.002) (0 0 0)))
(2.03 ((0.035 0 0.0028) (0 0 0)))
(2.13 ((0.033 0 0.0028) (0 0 0)))
(2.23 ((0.031 0 0.0028) (0 0 0)))
(2.33 ((0.029 0 0.0028) (0 0 0)))
(2.43 ((0.027 0 0.0028) (0 0 0)))
(2.53 ((0.025 0 0.0028) (0 0 0)))
(2.63 ((0.023 0 0.0028) (0 0 0)))
(2.73 ((0.021 0 0.0028) (0 0 0)))
(2.83 ((0.019 0 0.0028) (0 0 0)))
(2.93 ((0.017 0 0.0028) (0 0 0)))
(3.03 ((0.015 0 0.0028) (0 0 0)))
(3.13 ((0.013 0 0.0028) (0 0 0)))
(3.23 ((0.011 0 0.0028) (0 0 0)))
(3.33 ((0.009 0 0.0028) (0 0 0)))
(3.43 ((0.007 0 0.0028) (0 0 0)))
(3.53 ((0.005 0 0.0028) (0 0 0)))
(3.63 ((0.003 0 0.0028) (0 0 0)))
(3.73 ((0.001 0 0.0028) (0 0 0)))
(3.78 ((0 0 0.0028) (0 0 0)))
(3.82 ((0 0 0.0036) (0 0 0)))
(3.92 ((0 0 0.0056) (0 0 0)))
(4.02 ((0.002 0 0.0056) (0 0 0)))
(4.12 ((0.004 0 0.0056) (0 0 0)))
(4.22 ((0.006 0 0.0056) (0 0 0)))
(4.32 ((0.008 0 0.0056) (0 0 0)))
(4.42 ((0.010 0 0.0056) (0 0 0)))
(4.52 ((0.012 0 0.0056) (0 0 0)))
(4.62 ((0.014 0 0.0056) (0 0 0)))
(4.72 ((0.016 0 0.0056) (0 0 0)))
(4.82 ((0.018 0 0.0056) (0 0 0)))
(4.92 ((0.020 0 0.0056) (0 0 0)))
(5.02 ((0.022 0 0.0056) (0 0 0)))
(5.12 ((0.024 0 0.0056) (0 0 0)))
(5.22 ((0.026 0 0.0056) (0 0 0)))
(5.32 ((0.028 0 0.0056) (0 0 0)))
(5.42 ((0.030 0 0.0056) (0 0 0)))
(5.52 ((0.032 0 0.0056) (0 0 0)))
(5.62 ((0.034 0 0.0056) (0 0 0)))
(5.67 ((0.035 0 0.0056) (0 0 0)))
(5.77 ((0.035 0 0.0076) (0 0 0)))
(5.81 ((0.035 0 0.0084) (0 0 0)))
(5.91 ((0.033 0 0.0084) (0 0 0)))
(6.01 ((0.031 0 0.0084) (0 0 0)))
(6.11 ((0.029 0 0.0084) (0 0 0)))
(6.21 ((0.027 0 0.0084) (0 0 0)))
(6.31 ((0.025 0 0.0084) (0 0 0)))
(6.41 ((0.023 0 0.0084) (0 0 0)))
(6.51 ((0.021 0 0.0084) (0 0 0)))
(6.61 ((0.019 0 0.0084) (0 0 0)))
(6.71 ((0.017 0 0.0084) (0 0 0)))
(6.81 ((0.015 0 0.0084) (0 0 0)))
(6.91 ((0.013 0 0.0084) (0 0 0)))
(7.01 ((0.011 0 0.0084) (0 0 0)))
(7.11 ((0.009 0 0.0084) (0 0 0)))
(7.21 ((0.007 0 0.0084) (0 0 0)))
(7.31 ((0.005 0 0.0084) (0 0 0)))
(7.41 ((0.003 0 0.0084) (0 0 0)))
(7.51 ((0.001 0 0.0084) (0 0 0)))
(7.56 ((0 0 0.0084) (0 0 0)))
(7.66 ((0 0 0.0104) (0 0 0)))
(7.7 ((0 0 0.0112) (0 0 0)))
(7.8 ((0.002 0 0.0112) (0 0 0)))
(7.9 ((0.004 0 0.0112) (0 0 0)))
(8.0 ((0.006 0 0.0112) (0 0 0)))
(8.1 ((0.008 0 0.0112) (0 0 0)))
(8.2 ((0.010 0 0.0112) (0 0 0)))
(8.3 ((0.012 0 0.0112) (0 0 0)))
(8.4 ((0.014 0 0.0112) (0 0 0)))
(8.5 ((0.016 0 0.0112) (0 0 0)))
(8.6 ((0.018 0 0.0112) (0 0 0)))
(8.7 ((0.020 0 0.0112) (0 0 0)))
(8.8 ((0.022 0 0.0112) (0 0 0)))
(8.9 ((0.024 0 0.0112) (0 0 0)))
(9.0 ((0.026 0 0.0112) (0 0 0)))
(9.1 ((0.028 0 0.0112) (0 0 0)))
(9.2 ((0.030 0 0.0112) (0 0 0)))
(9.3 ((0.032 0 0.0112) (0 0 0)))
(9.4 ((0.034 0 0.0112) (0 0 0)))
(9.45 ((0.035 0 0.0112) (0 0 0)))
)
