80
(
(0 ((0 0 0) (0 0 0)))
(0.175 ((0 0 0) (0 0 0)))
(0.275 ((0.0025 0 0) (0 0 0)))
(0.375 ((0.005 0 0) (0 0 0)))
(0.475 ((0.0075 0 0) (0 0 0)))
(0.575 ((0.010 0 0) (0 0 0)))
(0.675 ((0.0125 0 0) (0 0 0)))
(0.775 ((0.015 0 0) (0 0 0)))
(0.875 ((0.0175 0 0) (0 0 0)))
(0.975 ((0.020 0 0) (0 0 0)))
(1.075 ((0.0225 0 0) (0 0 0)))
(1.175 ((0.025 0 0) (0 0 0)))
(1.275 ((0.0275 0 0) (0 0 0)))
(1.375 ((0.030 0 0) (0 0 0)))
(1.475 ((0.0325 0 0) (0 0 0)))
(1.575 ((0.035 0 0) (0 0 0)))
(1.675 ((0.035 0 0.002) (0 0 0)))
(1.75 ((0.035 0 0.0035) (0 0 0)))
(1.85 ((0.0325 0 0.0035) (0 0 0)))
(1.95 ((0.030 0 0.0035) (0 0 0)))
(2.05 ((0.0275 0 0.0035) (0 0 0)))
(2.15 ((0.025 0 0.0035) (0 0 0)))
(2.25 ((0.0225 0 0.0035) (0 0 0)))
(2.35 ((0.020 0 0.0035) (0 0 0)))
(2.45 ((0.0175 0 0.0035) (0 0 0)))
(2.55 ((0.015 0 0.0035) (0 0 0)))
(2.65 ((0.0125 0 0.0035) (0 0 0)))
(2.75 ((0.010 0 0.0035) (0 0 0)))
(2.85 ((0.0075 0 0.0035) (0 0 0)))
(2.95 ((0.005 0 0.0035) (0 0 0)))
(3.05 ((0.0025 0 0.0035) (0 0 0)))
(3.15 ((0 0 0.0035) (0 0 0)))
(3.25 ((0 0 0.0055) (0 0 0)))
(3.325 ((0 0 0.007) (0 0 0)))
(3.425 ((0.0025 0 0.007) (0 0 0)))
(3.525 ((0.005 0 0.007) (0 0 0)))
(3.625 ((0.0075 0 0.007) (0 0 0)))
(3.725 ((0.010 0 0.007) (0 0 0)))
(3.825 ((0.0125 0 0.007) (0 0 0)))
(3.925 ((0.015 0 0.007) (0 0 0)))
(4.025 ((0.0175 0 0.007) (0 0 0)))
(4.125 ((0.020 0 0.007) (0 0 0)))
(4.225 ((0.0225 0 0.007) (0 0 0)))
(4.325 ((0.025 0 0.007) (0 0 0)))
(4.425 ((0.0275 0 0.007) (0 0 0)))
(4.525 ((0.030 0 0.007) (0 0 0)))
(4.625 ((0.0325 0 0.007) (0 0 0)))
(4.725 ((0.035 0 0.007) (0 0 0)))
(4.825 ((0.035 0 0.009) (0 0 0)))
(4.9 ((0.035 0 0.0105) (0 0 0)))
(5.0 ((0.0325 0 0.0105) (0 0 0)))
(5.1 ((0.030 0 0.0105) (0 0 0)))
(5.2 ((0.0275 0 0.0105) (0 0 0)))
(5.3 ((0.025 0 0.0105) (0 0 0)))
(5.4 ((0.0225 0 0.0105) (0 0 0)))
(5.5 ((0.020 0 0.0105) (0 0 0)))
(5.6 ((0.0175 0 0.0105) (0 0 0)))
(5.7 ((0.015 0 0.0105) (0 0 0)))
(5.8 ((0.0125 0 0.0105) (0 0 0)))
(5.9 ((0.010 0 0.0105) (0 0 0)))
(6.0 ((0.0075 0 0.0105) (0 0 0)))
(6.1 ((0.005 0 0.0105) (0 0 0)))
(6.2 ((0.0025 0 0.0105) (0 0 0)))
(6.3 ((0 0 0.0105) (0 0 0)))
(6.4 ((0 0 0.0125) (0 0 0)))
(6.475 ((0 0 0.014) (0 0 0)))
(6.575 ((0.0025 0 0.014) (0 0 0)))
(6.675 ((0.005 0 0.014) (0 0 0)))
(6.775 ((0.0075 0 0.014) (0 0 0)))
(6.875 ((0.010 0 0.014) (0 0 0)))
(6.975 ((0.0125 0 0.014) (0 0 0)))
(7.075 ((0.015 0 0.014) (0 0 0)))
(7.175 ((0.0175 0 0.014) (0 0 0)))
(7.275 ((0.020 0 0.014) (0 0 0)))
(7.375 ((0.0225 0 0.014) (0 0 0)))
(7.475 ((0.025 0 0.014) (0 0 0)))
(7.575 ((0.0275 0 0.014) (0 0 0)))
(7.675 ((0.030 0 0.014) (0 0 0)))
(7.775 ((0.0325 0 0.014) (0 0 0)))
(7.875 ((0.035 0 0.014) (0 0 0)))
)
