130
(
(0 ((0 0 0) (0 0 0)))
(0.175 ((0 0 0) (0 0 0)))
(0.275 ((0.0015 0 0) (0 0 0)))
(0.375 ((0.003 0 0) (0 0 0)))
(0.475 ((0.0045 0 0) (0 0 0)))
(0.575 ((0.006 0 0) (0 0 0)))
(0.675 ((0.0075 0 0) (0 0 0)))
(0.775 ((0.009 0 0) (0 0 0)))
(0.875 ((0.0105 0 0) (0 0 0)))
(0.975 ((0.012 0 0) (0 0 0)))
(1.075 ((0.0135 0 0) (0 0 0)))
(1.175 ((0.015 0 0) (0 0 0)))
(1.275 ((0.0165 0 0) (0 0 0)))
(1.375 ((0.018 0 0) (0 0 0)))
(1.475 ((0.0195 0 0) (0 0 0)))
(1.575 ((0.021 0 0) (0 0 0)))
(1.675 ((0.0225 0 0) (0 0 0)))
(1.775 ((0.024 0 0) (0 0 0)))
(1.875 ((0.0255 0 0) (0 0 0)))
(1.975 ((0.027 0 0) (0 0 0)))
(2.075 ((0.0285 0 0) (0 0 0)))
(2.175 ((0.030 0 0) (0 0 0)))
(2.275 ((0.0315 0 0) (0 0 0)))
(2.375 ((0.033 0 0) (0 0 0)))
(2.475 ((0.0345 0 0) (0 0 0)))
(2.575 ((0.036 0 0) (0 0 0)))
(2.675 ((0.036 0 0.002) (0 0 0)))
(2.75 ((0.036 0 0.0035) (0 0 0)))
(2.85 ((0.0345 0 0.0035) (0 0 0)))
(2.95 ((0.033 0 0.0035) (0 0 0)))
(3.05 ((0.0315 0 0.0035) (0 0 0)))
(3.15 ((0.030 0 0.0035) (0 0 0)))
(3.25 ((0.0285 0 0.0035) (0 0 0)))
(3.35 ((0.027 0 0.0035) (0 0 0)))
(3.45 ((0.0255 0 0.0035) (0 0 0)))
(3.55 ((0.024 0 0.0035) (0 0 0)))
(3.65 ((0.0225 0 0.0035) (0 0 0)))
(3.75 ((0.021 0 0.0035) (0 0 0)))
(3.85 ((0.0195 0 0.0035) (0 0 0)))
(3.95 ((0.018 0 0.0035) (0 0 0)))
(4.05 ((0.0165 0 0.0035) (0 0 0)))
(4.15 ((0.015 0 0.0035) (0 0 0)))
(4.25 ((0.0135 0 0.0035) (0 0 0)))
(4.35 ((0.012 0 0.0035) (0 0 0)))
(4.45 ((0.0105 0 0.0035) (0 0 0)))
(4.55 ((0.009 0 0.0035) (0 0 0)))
(4.65 ((0.0075 0 0.0035) (0 0 0)))
(4.75 ((0.006 0 0.0035) (0 0 0)))
(4.85 ((0.0045 0 0.0035) (0 0 0)))
(4.95 ((0.003 0 0.0035) (0 0 0)))
(5.05 ((0.0015 0 0.0035) (0 0 0)))
(5.15 ((0 0 0.0035) (0 0 0)))
(5.25 ((0 0 0.0055) (0 0 0)))
(5.325 ((0 0 0.007) (0 0 0)))
(5.425 ((0.0015 0 0.007) (0 0 0)))
(5.525 ((0.003 0 0.007) (0 0 0)))
(5.625 ((0.0045 0 0.007) (0 0 0)))
(5.725 ((0.006 0 0.007) (0 0 0)))
(5.825 ((0.0075 0 0.007) (0 0 0)))
(5.925 ((0.009 0 0.007) (0 0 0)))
(6.025 ((0.0105 0 0.007) (0 0 0)))
(6.125 ((0.012 0 0.007) (0 0 0)))
(6.225 ((0.0135 0 0.007) (0 0 0)))
(6.325 ((0.015 0 0.007) (0 0 0)))
(6.425 ((0.0165 0 0.007) (0 0 0)))
(6.525 ((0.018 0 0.007) (0 0 0)))
(6.625 ((0.0195 0 0.007) (0 0 0)))
(6.725 ((0.021 0 0.007) (0 0 0)))
(6.825 ((0.0225 0 0.007) (0 0 0)))
(6.925 ((0.024 0 0.007) (0 0 0)))
(7.025 ((0.0255 0 0.007) (0 0 0)))
(7.125 ((0.027 0 0.007) (0 0 0)))
(7.225 ((0.0285 0 0.007) (0 0 0)))
(7.325 ((0.030 0 0.007) (0 0 0)))
(7.425 ((0.0315 0 0.007) (0 0 0)))
(7.525 ((0.033 0 0.007) (0 0 0)))
(7.625 ((0.0345 0 0.007) (0 0 0)))
(7.725 ((0.036 0 0.007) (0 0 0)))
(7.825 ((0.036 0 0.009) (0 0 0)))
(7.9 ((0.036 0 0.0105) (0 0 0)))
(8.0 ((0.0345 0 0.0105) (0 0 0)))
(8.1 ((0.033 0 0.0105) (0 0 0)))
(8.2 ((0.0315 0 0.0105) (0 0 0)))
(8.3 ((0.030 0 0.0105) (0 0 0)))
(8.4 ((0.0285 0 0.0105) (0 0 0)))
(8.5 ((0.027 0 0.0105) (0 0 0)))
(8.6 ((0.0255 0 0.0105) (0 0 0)))
(8.7 ((0.024 0 0.0105) (0 0 0)))
(8.8 ((0.0225 0 0.0105) (0 0 0)))
(8.9 ((0.021 0 0.0105) (0 0 0)))
(9.0 ((0.0195 0 0.0105) (0 0 0)))
(9.1 ((0.018 0 0.0105) (0 0 0)))
(9.2 ((0.0165 0 0.0105) (0 0 0)))
(9.3 ((0.015 0 0.0105) (0 0 0)))
(9.4 ((0.0135 0 0.0105) (0 0 0)))
(9.5 ((0.012 0 0.0105) (0 0 0)))
(9.6 ((0.0105 0 0.0105) (0 0 0)))
(9.7 ((0.009 0 0.0105) (0 0 0)))
(9.8 ((0.0075 0 0.0105) (0 0 0)))
(9.9 ((0.006 0 0.0105) (0 0 0)))
(10.0 ((0.0045 0 0.0105) (0 0 0)))
(10.1 ((0.003 0 0.0105) (0 0 0)))
(10.2 ((0.0015 0 0.0105) (0 0 0)))
(10.3 ((0 0 0.0105) (0 0 0)))
(10.4 ((0 0 0.0125) (0 0 0)))
(10.475 ((0 0 0.014) (0 0 0)))
(10.575 ((0.0015 0 0.014) (0 0 0)))
(10.675 ((0.003 0 0.014) (0 0 0)))
(10.775 ((0.0045 0 0.014) (0 0 0)))
(10.875 ((0.006 0 0.014) (0 0 0)))
(10.975 ((0.0075 0 0.014) (0 0 0)))
(11.075 ((0.009 0 0.014) (0 0 0)))
(11.175 ((0.0105 0 0.014) (0 0 0)))
(11.275 ((0.012 0 0.014) (0 0 0)))
(11.375 ((0.0135 0 0.014) (0 0 0)))
(11.475 ((0.015 0 0.014) (0 0 0)))
(11.575 ((0.0165 0 0.014) (0 0 0)))
(11.675 ((0.018 0 0.014) (0 0 0)))
(11.775 ((0.0195 0 0.014) (0 0 0)))
(11.875 ((0.021 0 0.014) (0 0 0)))
(11.975 ((0.0225 0 0.014) (0 0 0)))
(12.075 ((0.024 0 0.014) (0 0 0)))
(12.175 ((0.0255 0 0.014) (0 0 0)))
(12.275 ((0.027 0 0.014) (0 0 0)))
(12.375 ((0.0285 0 0.014) (0 0 0)))
(12.475 ((0.030 0 0.014) (0 0 0)))
(12.575 ((0.0315 0 0.014) (0 0 0)))
(12.675 ((0.033 0 0.014) (0 0 0)))
(12.775 ((0.0345 0 0.014) (0 0 0)))
(12.875 ((0.036 0 0.014) (0 0 0)))
)
