/*--------------------------------*- C++ -*----------------------------------*\
| =========                 |                                                 |
| \\      /  F ield         | OpenFOAM: The Open Source CFD Toolbox           |
|  \\    /   O peration     | Version:  2112                                  |
|   \\  /    A nd           | Website:  www.openfoam.com                      |
|    \\/     M anipulation  |                                                 |
\*---------------------------------------------------------------------------*/
FoamFile
{
    version     2.0;
    format      ascii;
    arch        "LSB;label=32;scalar=64";
    note        "nPoints:7484  nCells:6440  nFaces:20342  nInternalFaces:18298";
    class       labelList;
    location    "constant/polyMesh";
    object      neighbour;
}
// * * * * * * * * * * * * * * * * * * * * * * * * * * * * * * * * * * * * * //


18298
(
1
7
49
735
881
2
8
50
880
3
9
51
879
4
10
52
878
5
11
53
877
6
12
54
876
13
55
875
1021
8
14
56
736
9
15
57
10
16
58
11
17
59
12
18
60
13
19
61
20
62
1020
15
21
63
737
16
22
64
17
23
65
18
24
66
19
25
67
20
26
68
27
69
1019
22
28
70
738
23
29
71
24
30
72
25
31
73
26
32
74
27
33
75
34
76
1018
29
35
77
739
30
36
78
31
37
79
32
38
80
33
39
81
34
40
82
41
83
1017
36
42
84
740
37
43
85
38
44
86
39
45
87
40
46
88
41
47
89
48
90
1016
43
91
741
1155
44
92
1156
45
93
1157
46
94
1158
47
95
1159
48
96
1160
97
1015
1161
50
56
98
763
909
51
57
99
908
52
58
100
907
53
59
101
906
54
60
102
905
55
61
103
904
62
104
903
1049
57
63
105
764
58
64
106
59
65
107
60
66
108
61
67
109
62
68
110
69
111
1048
64
70
112
765
65
71
113
66
72
114
67
73
115
68
74
116
69
75
117
76
118
1047
71
77
119
766
72
78
120
73
79
121
74
80
122
75
81
123
76
82
124
83
125
1046
78
84
126
767
79
85
127
80
86
128
81
87
129
82
88
130
83
89
131
90
132
1045
85
91
133
768
86
92
134
87
93
135
88
94
136
89
95
137
90
96
138
97
139
1044
92
140
769
1183
93
141
1184
94
142
1185
95
143
1186
96
144
1187
97
145
1188
146
1043
1189
99
105
147
791
937
100
106
148
936
101
107
149
935
102
108
150
934
103
109
151
933
104
110
152
932
111
153
931
1077
106
112
154
792
107
113
155
108
114
156
109
115
157
110
116
158
111
117
159
118
160
1076
113
119
161
793
114
120
162
115
121
163
116
122
164
117
123
165
118
124
166
125
167
1075
120
126
168
794
121
127
169
122
128
170
123
129
171
124
130
172
125
131
173
132
174
1074
127
133
175
795
128
134
176
129
135
177
130
136
178
131
137
179
132
138
180
139
181
1073
134
140
182
796
135
141
183
136
142
184
137
143
185
138
144
186
139
145
187
146
188
1072
141
189
797
1211
142
190
1212
143
191
1213
144
192
1214
145
193
1215
146
194
1216
195
1071
1217
148
154
196
819
965
149
155
197
964
150
156
198
963
151
157
199
962
152
158
200
961
153
159
201
960
160
202
959
1105
155
161
203
820
156
162
204
157
163
205
158
164
206
159
165
207
160
166
208
167
209
1104
162
168
210
821
163
169
211
164
170
212
165
171
213
166
172
214
167
173
215
174
216
1103
169
175
217
822
170
176
218
171
177
219
172
178
220
173
179
221
174
180
222
181
223
1102
176
182
224
823
177
183
225
178
184
226
179
185
227
180
186
228
181
187
229
188
230
1101
183
189
231
824
184
190
232
185
191
233
186
192
234
187
193
235
188
194
236
195
237
1100
190
238
825
1239
191
239
1240
192
240
1241
193
241
1242
194
242
1243
195
243
1244
244
1099
1245
197
203
245
847
993
198
204
246
992
199
205
247
991
200
206
248
990
201
207
249
989
202
208
250
988
209
251
987
1133
204
210
252
848
205
211
253
206
212
254
207
213
255
208
214
256
209
215
257
216
258
1132
211
217
259
849
212
218
260
213
219
261
214
220
262
215
221
263
216
222
264
223
265
1131
218
224
266
850
219
225
267
220
226
268
221
227
269
222
228
270
223
229
271
230
272
1130
225
231
273
851
226
232
274
227
233
275
228
234
276
229
235
277
230
236
278
237
279
1129
232
238
280
852
233
239
281
234
240
282
235
241
283
236
242
284
237
243
285
244
286
1128
239
287
853
1267
240
288
1268
241
289
1269
242
290
1270
243
291
1271
244
292
1272
293
1127
1273
246
252
294
1295
1581
247
253
295
1580
248
254
296
1579
249
255
297
1578
250
256
298
1577
251
257
299
1576
258
300
1575
1861
253
259
301
1296
254
260
302
255
261
303
256
262
304
257
263
305
258
264
306
265
307
1860
260
266
308
1297
261
267
309
262
268
310
263
269
311
264
270
312
265
271
313
272
314
1859
267
273
315
1298
268
274
316
269
275
317
270
276
318
271
277
319
272
278
320
279
321
1858
274
280
322
1299
275
281
323
276
282
324
277
283
325
278
284
326
279
285
327
286
328
1857
281
287
329
1300
282
288
330
283
289
331
284
290
332
285
291
333
286
292
334
293
335
1856
288
336
1301
2135
289
337
2136
290
338
2137
291
339
2138
292
340
2139
293
341
2140
342
1855
2141
295
301
343
1323
1609
296
302
344
1608
297
303
345
1607
298
304
346
1606
299
305
347
1605
300
306
348
1604
307
349
1603
1889
302
308
350
1324
303
309
351
304
310
352
305
311
353
306
312
354
307
313
355
314
356
1888
309
315
357
1325
310
316
358
311
317
359
312
318
360
313
319
361
314
320
362
321
363
1887
316
322
364
1326
317
323
365
318
324
366
319
325
367
320
326
368
321
327
369
328
370
1886
323
329
371
1327
324
330
372
325
331
373
326
332
374
327
333
375
328
334
376
335
377
1885
330
336
378
1328
331
337
379
332
338
380
333
339
381
334
340
382
335
341
383
342
384
1884
337
385
1329
2163
338
386
2164
339
387
2165
340
388
2166
341
389
2167
342
390
2168
391
1883
2169
344
350
392
1351
1637
345
351
393
1636
346
352
394
1635
347
353
395
1634
348
354
396
1633
349
355
397
1632
356
398
1631
1917
351
357
399
1352
352
358
400
353
359
401
354
360
402
355
361
403
356
362
404
363
405
1916
358
364
406
1353
359
365
407
360
366
408
361
367
409
362
368
410
363
369
411
370
412
1915
365
371
413
1354
366
372
414
367
373
415
368
374
416
369
375
417
370
376
418
377
419
1914
372
378
420
1355
373
379
421
374
380
422
375
381
423
376
382
424
377
383
425
384
426
1913
379
385
427
1356
380
386
428
381
387
429
382
388
430
383
389
431
384
390
432
391
433
1912
386
434
1357
2191
387
435
2192
388
436
2193
389
437
2194
390
438
2195
391
439
2196
440
1911
2197
393
399
441
1379
1665
394
400
442
1664
395
401
443
1663
396
402
444
1662
397
403
445
1661
398
404
446
1660
405
447
1659
1945
400
406
448
1380
401
407
449
402
408
450
403
409
451
404
410
452
405
411
453
412
454
1944
407
413
455
1381
408
414
456
409
415
457
410
416
458
411
417
459
412
418
460
419
461
1943
414
420
462
1382
415
421
463
416
422
464
417
423
465
418
424
466
419
425
467
426
468
1942
421
427
469
1383
422
428
470
423
429
471
424
430
472
425
431
473
426
432
474
433
475
1941
428
434
476
1384
429
435
477
430
436
478
431
437
479
432
438
480
433
439
481
440
482
1940
435
483
1385
2219
436
484
2220
437
485
2221
438
486
2222
439
487
2223
440
488
2224
489
1939
2225
442
448
490
1407
1693
443
449
491
1692
444
450
492
1691
445
451
493
1690
446
452
494
1689
447
453
495
1688
454
496
1687
1973
449
455
497
1408
450
456
498
451
457
499
452
458
500
453
459
501
454
460
502
461
503
1972
456
462
504
1409
457
463
505
458
464
506
459
465
507
460
466
508
461
467
509
468
510
1971
463
469
511
1410
464
470
512
465
471
513
466
472
514
467
473
515
468
474
516
475
517
1970
470
476
518
1411
471
477
519
472
478
520
473
479
521
474
480
522
475
481
523
482
524
1969
477
483
525
1412
478
484
526
479
485
527
480
486
528
481
487
529
482
488
530
489
531
1968
484
532
1413
2247
485
533
2248
486
534
2249
487
535
2250
488
536
2251
489
537
2252
538
1967
2253
491
497
539
1435
1721
492
498
540
1720
493
499
541
1719
494
500
542
1718
495
501
543
1717
496
502
544
1716
503
545
1715
2001
498
504
546
1436
499
505
547
500
506
548
501
507
549
502
508
550
503
509
551
510
552
2000
505
511
553
1437
506
512
554
507
513
555
508
514
556
509
515
557
510
516
558
517
559
1999
512
518
560
1438
513
519
561
514
520
562
515
521
563
516
522
564
517
523
565
524
566
1998
519
525
567
1439
520
526
568
521
527
569
522
528
570
523
529
571
524
530
572
531
573
1997
526
532
574
1440
527
533
575
528
534
576
529
535
577
530
536
578
531
537
579
538
580
1996
533
581
1441
2275
534
582
2276
535
583
2277
536
584
2278
537
585
2279
538
586
2280
587
1995
2281
540
546
588
1463
1749
541
547
589
1748
542
548
590
1747
543
549
591
1746
544
550
592
1745
545
551
593
1744
552
594
1743
2029
547
553
595
1464
548
554
596
549
555
597
550
556
598
551
557
599
552
558
600
559
601
2028
554
560
602
1465
555
561
603
556
562
604
557
563
605
558
564
606
559
565
607
566
608
2027
561
567
609
1466
562
568
610
563
569
611
564
570
612
565
571
613
566
572
614
573
615
2026
568
574
616
1467
569
575
617
570
576
618
571
577
619
572
578
620
573
579
621
580
622
2025
575
581
623
1468
576
582
624
577
583
625
578
584
626
579
585
627
580
586
628
587
629
2024
582
630
1469
2303
583
631
2304
584
632
2305
585
633
2306
586
634
2307
587
635
2308
636
2023
2309
589
595
637
1491
1777
590
596
638
1776
591
597
639
1775
592
598
640
1774
593
599
641
1773
594
600
642
1772
601
643
1771
2057
596
602
644
1492
597
603
645
598
604
646
599
605
647
600
606
648
601
607
649
608
650
2056
603
609
651
1493
604
610
652
605
611
653
606
612
654
607
613
655
608
614
656
615
657
2055
610
616
658
1494
611
617
659
612
618
660
613
619
661
614
620
662
615
621
663
622
664
2054
617
623
665
1495
618
624
666
619
625
667
620
626
668
621
627
669
622
628
670
629
671
2053
624
630
672
1496
625
631
673
626
632
674
627
633
675
628
634
676
629
635
677
636
678
2052
631
679
1497
2331
632
680
2332
633
681
2333
634
682
2334
635
683
2335
636
684
2336
685
2051
2337
638
644
686
1519
1805
639
645
687
1804
640
646
688
1803
641
647
689
1802
642
648
690
1801
643
649
691
1800
650
692
1799
2085
645
651
693
1520
646
652
694
647
653
695
648
654
696
649
655
697
650
656
698
657
699
2084
652
658
700
1521
653
659
701
654
660
702
655
661
703
656
662
704
657
663
705
664
706
2083
659
665
707
1522
660
666
708
661
667
709
662
668
710
663
669
711
664
670
712
671
713
2082
666
672
714
1523
667
673
715
668
674
716
669
675
717
670
676
718
671
677
719
678
720
2081
673
679
721
1524
674
680
722
675
681
723
676
682
724
677
683
725
678
684
726
685
727
2080
680
728
1525
2359
681
729
2360
682
730
2361
683
731
2362
684
732
2363
685
733
2364
734
2079
2365
687
693
1547
1833
688
694
1832
689
695
1831
690
696
1830
691
697
1829
692
698
1828
699
1827
2113
694
700
1548
695
701
696
702
697
703
698
704
699
705
706
2112
701
707
1549
702
708
703
709
704
710
705
711
706
712
713
2111
708
714
1550
709
715
710
716
711
717
712
718
713
719
720
2110
715
721
1551
716
722
717
723
718
724
719
725
720
726
727
2109
722
728
1552
723
729
724
730
725
731
726
732
727
733
734
2108
729
1553
2387
730
2388
731
2389
732
2390
733
2391
734
2392
2107
2393
736
742
763
881
737
743
764
738
744
765
739
745
766
740
746
767
741
747
768
748
769
1155
743
749
770
888
744
750
771
745
751
772
746
752
773
747
753
774
748
754
775
755
776
1162
750
756
777
895
751
757
778
752
758
779
753
759
780
754
760
781
755
761
782
762
783
1169
757
784
902
2415
758
785
2416
759
786
2417
760
787
2418
761
788
2419
762
789
2420
790
1176
2421
764
770
791
909
765
771
792
766
772
793
767
773
794
768
774
795
769
775
796
776
797
1183
771
777
798
916
772
778
799
773
779
800
774
780
801
775
781
802
776
782
803
783
804
1190
778
784
805
923
779
785
806
780
786
807
781
787
808
782
788
809
783
789
810
790
811
1197
785
812
930
2436
786
813
2437
787
814
2438
788
815
2439
789
816
2440
790
817
2441
818
1204
2442
792
798
819
937
793
799
820
794
800
821
795
801
822
796
802
823
797
803
824
804
825
1211
799
805
826
944
800
806
827
801
807
828
802
808
829
803
809
830
804
810
831
811
832
1218
806
812
833
951
807
813
834
808
814
835
809
815
836
810
816
837
811
817
838
818
839
1225
813
840
958
2457
814
841
2458
815
842
2459
816
843
2460
817
844
2461
818
845
2462
846
1232
2463
820
826
847
965
821
827
848
822
828
849
823
829
850
824
830
851
825
831
852
832
853
1239
827
833
854
972
828
834
855
829
835
856
830
836
857
831
837
858
832
838
859
839
860
1246
834
840
861
979
835
841
862
836
842
863
837
843
864
838
844
865
839
845
866
846
867
1253
841
868
986
2478
842
869
2479
843
870
2480
844
871
2481
845
872
2482
846
873
2483
874
1260
2484
848
854
993
1295
849
855
1296
850
856
1297
851
857
1298
852
858
1299
853
859
1300
860
1267
1301
855
861
1000
1302
856
862
1303
857
863
1304
858
864
1305
859
865
1306
860
866
1307
867
1274
1308
862
868
1007
1309
863
869
1310
864
870
1311
865
871
1312
866
872
1313
867
873
1314
874
1281
1315
869
1014
1316
2499
870
1317
2500
871
1318
2501
872
1319
2502
873
1320
2503
874
1321
2504
1288
1322
2505
876
882
903
1021
877
883
904
878
884
905
879
885
906
880
886
907
881
887
908
888
909
883
889
910
1028
884
890
911
885
891
912
886
892
913
887
893
914
888
894
915
895
916
890
896
917
1035
891
897
918
892
898
919
893
899
920
894
900
921
895
901
922
902
923
897
924
1042
2520
898
925
2521
899
926
2522
900
927
2523
901
928
2524
902
929
2525
930
2526
904
910
931
1049
905
911
932
906
912
933
907
913
934
908
914
935
909
915
936
916
937
911
917
938
1056
912
918
939
913
919
940
914
920
941
915
921
942
916
922
943
923
944
918
924
945
1063
919
925
946
920
926
947
921
927
948
922
928
949
923
929
950
930
951
925
952
1070
2541
926
953
2542
927
954
2543
928
955
2544
929
956
2545
930
957
2546
958
2547
932
938
959
1077
933
939
960
934
940
961
935
941
962
936
942
963
937
943
964
944
965
939
945
966
1084
940
946
967
941
947
968
942
948
969
943
949
970
944
950
971
951
972
946
952
973
1091
947
953
974
948
954
975
949
955
976
950
956
977
951
957
978
958
979
953
980
1098
2562
954
981
2563
955
982
2564
956
983
2565
957
984
2566
958
985
2567
986
2568
960
966
987
1105
961
967
988
962
968
989
963
969
990
964
970
991
965
971
992
972
993
967
973
994
1112
968
974
995
969
975
996
970
976
997
971
977
998
972
978
999
979
1000
974
980
1001
1119
975
981
1002
976
982
1003
977
983
1004
978
984
1005
979
985
1006
986
1007
981
1008
1126
2583
982
1009
2584
983
1010
2585
984
1011
2586
985
1012
2587
986
1013
2588
1014
2589
988
994
1133
1575
989
995
1576
990
996
1577
991
997
1578
992
998
1579
993
999
1580
1000
1581
995
1001
1140
1582
996
1002
1583
997
1003
1584
998
1004
1585
999
1005
1586
1000
1006
1587
1007
1588
1002
1008
1147
1589
1003
1009
1590
1004
1010
1591
1005
1011
1592
1006
1012
1593
1007
1013
1594
1014
1595
1009
1154
1596
2604
1010
1597
2605
1011
1598
2606
1012
1599
2607
1013
1600
2608
1014
1601
2609
1602
2610
1016
1022
1043
1161
1017
1023
1044
1018
1024
1045
1019
1025
1046
1020
1026
1047
1021
1027
1048
1028
1049
1023
1029
1050
1168
1024
1030
1051
1025
1031
1052
1026
1032
1053
1027
1033
1054
1028
1034
1055
1035
1056
1030
1036
1057
1175
1031
1037
1058
1032
1038
1059
1033
1039
1060
1034
1040
1061
1035
1041
1062
1042
1063
1037
1064
1182
2625
1038
1065
2626
1039
1066
2627
1040
1067
2628
1041
1068
2629
1042
1069
2630
1070
2631
1044
1050
1071
1189
1045
1051
1072
1046
1052
1073
1047
1053
1074
1048
1054
1075
1049
1055
1076
1056
1077
1051
1057
1078
1196
1052
1058
1079
1053
1059
1080
1054
1060
1081
1055
1061
1082
1056
1062
1083
1063
1084
1058
1064
1085
1203
1059
1065
1086
1060
1066
1087
1061
1067
1088
1062
1068
1089
1063
1069
1090
1070
1091
1065
1092
1210
2646
1066
1093
2647
1067
1094
2648
1068
1095
2649
1069
1096
2650
1070
1097
2651
1098
2652
1072
1078
1099
1217
1073
1079
1100
1074
1080
1101
1075
1081
1102
1076
1082
1103
1077
1083
1104
1084
1105
1079
1085
1106
1224
1080
1086
1107
1081
1087
1108
1082
1088
1109
1083
1089
1110
1084
1090
1111
1091
1112
1086
1092
1113
1231
1087
1093
1114
1088
1094
1115
1089
1095
1116
1090
1096
1117
1091
1097
1118
1098
1119
1093
1120
1238
2667
1094
1121
2668
1095
1122
2669
1096
1123
2670
1097
1124
2671
1098
1125
2672
1126
2673
1100
1106
1127
1245
1101
1107
1128
1102
1108
1129
1103
1109
1130
1104
1110
1131
1105
1111
1132
1112
1133
1107
1113
1134
1252
1108
1114
1135
1109
1115
1136
1110
1116
1137
1111
1117
1138
1112
1118
1139
1119
1140
1114
1120
1141
1259
1115
1121
1142
1116
1122
1143
1117
1123
1144
1118
1124
1145
1119
1125
1146
1126
1147
1121
1148
1266
2688
1122
1149
2689
1123
1150
2690
1124
1151
2691
1125
1152
2692
1126
1153
2693
1154
2694
1128
1134
1273
1855
1129
1135
1856
1130
1136
1857
1131
1137
1858
1132
1138
1859
1133
1139
1860
1140
1861
1135
1141
1280
1862
1136
1142
1863
1137
1143
1864
1138
1144
1865
1139
1145
1866
1140
1146
1867
1147
1868
1142
1148
1287
1869
1143
1149
1870
1144
1150
1871
1145
1151
1872
1146
1152
1873
1147
1153
1874
1154
1875
1149
1294
1876
2709
1150
1877
2710
1151
1878
2711
1152
1879
2712
1153
1880
2713
1154
1881
2714
1882
2715
1156
1162
1183
1157
1163
1184
1158
1164
1185
1159
1165
1186
1160
1166
1187
1161
1167
1188
1168
1189
1163
1169
1190
1164
1170
1191
1165
1171
1192
1166
1172
1193
1167
1173
1194
1168
1174
1195
1175
1196
1170
1176
1197
1171
1177
1198
1172
1178
1199
1173
1179
1200
1174
1180
1201
1175
1181
1202
1182
1203
1177
1204
2730
1178
1205
2731
1179
1206
2732
1180
1207
2733
1181
1208
2734
1182
1209
2735
1210
2736
1184
1190
1211
1185
1191
1212
1186
1192
1213
1187
1193
1214
1188
1194
1215
1189
1195
1216
1196
1217
1191
1197
1218
1192
1198
1219
1193
1199
1220
1194
1200
1221
1195
1201
1222
1196
1202
1223
1203
1224
1198
1204
1225
1199
1205
1226
1200
1206
1227
1201
1207
1228
1202
1208
1229
1203
1209
1230
1210
1231
1205
1232
2751
1206
1233
2752
1207
1234
2753
1208
1235
2754
1209
1236
2755
1210
1237
2756
1238
2757
1212
1218
1239
1213
1219
1240
1214
1220
1241
1215
1221
1242
1216
1222
1243
1217
1223
1244
1224
1245
1219
1225
1246
1220
1226
1247
1221
1227
1248
1222
1228
1249
1223
1229
1250
1224
1230
1251
1231
1252
1226
1232
1253
1227
1233
1254
1228
1234
1255
1229
1235
1256
1230
1236
1257
1231
1237
1258
1238
1259
1233
1260
2772
1234
1261
2773
1235
1262
2774
1236
1263
2775
1237
1264
2776
1238
1265
2777
1266
2778
1240
1246
1267
1241
1247
1268
1242
1248
1269
1243
1249
1270
1244
1250
1271
1245
1251
1272
1252
1273
1247
1253
1274
1248
1254
1275
1249
1255
1276
1250
1256
1277
1251
1257
1278
1252
1258
1279
1259
1280
1254
1260
1281
1255
1261
1282
1256
1262
1283
1257
1263
1284
1258
1264
1285
1259
1265
1286
1266
1287
1261
1288
2793
1262
1289
2794
1263
1290
2795
1264
1291
2796
1265
1292
2797
1266
1293
2798
1294
2799
1268
1274
2135
1269
1275
2136
1270
1276
2137
1271
1277
2138
1272
1278
2139
1273
1279
2140
1280
2141
1275
1281
2142
1276
1282
2143
1277
1283
2144
1278
1284
2145
1279
1285
2146
1280
1286
2147
1287
2148
1282
1288
2149
1283
1289
2150
1284
1290
2151
1285
1291
2152
1286
1292
2153
1287
1293
2154
1294
2155
1289
2156
2814
1290
2157
2815
1291
2158
2816
1292
2159
2817
1293
2160
2818
1294
2161
2819
2162
2820
1296
1302
1323
1581
1297
1303
1324
1298
1304
1325
1299
1305
1326
1300
1306
1327
1301
1307
1328
1308
1329
2135
1303
1309
1330
1588
1304
1310
1331
1305
1311
1332
1306
1312
1333
1307
1313
1334
1308
1314
1335
1315
1336
2142
1310
1316
1337
1595
1311
1317
1338
1312
1318
1339
1313
1319
1340
1314
1320
1341
1315
1321
1342
1322
1343
2149
1317
1344
1602
1318
1345
1319
1346
1320
1347
1321
1348
1322
1349
1350
2156
1324
1330
1351
1609
1325
1331
1352
1326
1332
1353
1327
1333
1354
1328
1334
1355
1329
1335
1356
1336
1357
2163
1331
1337
1358
1616
1332
1338
1359
1333
1339
1360
1334
1340
1361
1335
1341
1362
1336
1342
1363
1343
1364
2170
1338
1344
1365
1623
1339
1345
1366
1340
1346
1367
1341
1347
1368
1342
1348
1369
1343
1349
1370
1350
1371
2177
1345
1372
1630
1346
1373
1347
1374
1348
1375
1349
1376
1350
1377
1378
2184
1352
1358
1379
1637
1353
1359
1380
1354
1360
1381
1355
1361
1382
1356
1362
1383
1357
1363
1384
1364
1385
2191
1359
1365
1386
1644
1360
1366
1387
1361
1367
1388
1362
1368
1389
1363
1369
1390
1364
1370
1391
1371
1392
2198
1366
1372
1393
1651
1367
1373
1394
1368
1374
1395
1369
1375
1396
1370
1376
1397
1371
1377
1398
1378
1399
2205
1373
1400
1658
1374
1401
1375
1402
1376
1403
1377
1404
1378
1405
1406
2212
1380
1386
1407
1665
1381
1387
1408
1382
1388
1409
1383
1389
1410
1384
1390
1411
1385
1391
1412
1392
1413
2219
1387
1393
1414
1672
1388
1394
1415
1389
1395
1416
1390
1396
1417
1391
1397
1418
1392
1398
1419
1399
1420
2226
1394
1400
1421
1679
1395
1401
1422
1396
1402
1423
1397
1403
1424
1398
1404
1425
1399
1405
1426
1406
1427
2233
1401
1428
1686
1402
1429
1403
1430
1404
1431
1405
1432
1406
1433
1434
2240
1408
1414
1435
1693
1409
1415
1436
1410
1416
1437
1411
1417
1438
1412
1418
1439
1413
1419
1440
1420
1441
2247
1415
1421
1442
1700
1416
1422
1443
1417
1423
1444
1418
1424
1445
1419
1425
1446
1420
1426
1447
1427
1448
2254
1422
1428
1449
1707
1423
1429
1450
1424
1430
1451
1425
1431
1452
1426
1432
1453
1427
1433
1454
1434
1455
2261
1429
1456
1714
1430
1457
1431
1458
1432
1459
1433
1460
1434
1461
1462
2268
1436
1442
1463
1721
1437
1443
1464
1438
1444
1465
1439
1445
1466
1440
1446
1467
1441
1447
1468
1448
1469
2275
1443
1449
1470
1728
1444
1450
1471
1445
1451
1472
1446
1452
1473
1447
1453
1474
1448
1454
1475
1455
1476
2282
1450
1456
1477
1735
1451
1457
1478
1452
1458
1479
1453
1459
1480
1454
1460
1481
1455
1461
1482
1462
1483
2289
1457
1484
1742
1458
1485
1459
1486
1460
1487
1461
1488
1462
1489
1490
2296
1464
1470
1491
1749
1465
1471
1492
1466
1472
1493
1467
1473
1494
1468
1474
1495
1469
1475
1496
1476
1497
2303
1471
1477
1498
1756
1472
1478
1499
1473
1479
1500
1474
1480
1501
1475
1481
1502
1476
1482
1503
1483
1504
2310
1478
1484
1505
1763
1479
1485
1506
1480
1486
1507
1481
1487
1508
1482
1488
1509
1483
1489
1510
1490
1511
2317
1485
1512
1770
1486
1513
1487
1514
1488
1515
1489
1516
1490
1517
1518
2324
1492
1498
1519
1777
1493
1499
1520
1494
1500
1521
1495
1501
1522
1496
1502
1523
1497
1503
1524
1504
1525
2331
1499
1505
1526
1784
1500
1506
1527
1501
1507
1528
1502
1508
1529
1503
1509
1530
1504
1510
1531
1511
1532
2338
1506
1512
1533
1791
1507
1513
1534
1508
1514
1535
1509
1515
1536
1510
1516
1537
1511
1517
1538
1518
1539
2345
1513
1540
1798
1514
1541
1515
1542
1516
1543
1517
1544
1518
1545
1546
2352
1520
1526
1547
1805
1521
1527
1548
1522
1528
1549
1523
1529
1550
1524
1530
1551
1525
1531
1552
1532
1553
2359
1527
1533
1554
1812
1528
1534
1555
1529
1535
1556
1530
1536
1557
1531
1537
1558
1532
1538
1559
1539
1560
2366
1534
1540
1561
1819
1535
1541
1562
1536
1542
1563
1537
1543
1564
1538
1544
1565
1539
1545
1566
1546
1567
2373
1541
1568
1826
1542
1569
1543
1570
1544
1571
1545
1572
1546
1573
1574
2380
1548
1554
1833
1549
1555
1550
1556
1551
1557
1552
1558
1553
1559
1560
2387
1555
1561
1840
1556
1562
1557
1563
1558
1564
1559
1565
1560
1566
1567
2394
1562
1568
1847
1563
1569
1564
1570
1565
1571
1566
1572
1567
1573
1574
2401
1569
1854
1570
1571
1572
1573
1574
2408
1576
1582
1603
1861
1577
1583
1604
1578
1584
1605
1579
1585
1606
1580
1586
1607
1581
1587
1608
1588
1609
1583
1589
1610
1868
1584
1590
1611
1585
1591
1612
1586
1592
1613
1587
1593
1614
1588
1594
1615
1595
1616
1590
1596
1617
1875
1591
1597
1618
1592
1598
1619
1593
1599
1620
1594
1600
1621
1595
1601
1622
1602
1623
1597
1624
1882
1598
1625
1599
1626
1600
1627
1601
1628
1602
1629
1630
1604
1610
1631
1889
1605
1611
1632
1606
1612
1633
1607
1613
1634
1608
1614
1635
1609
1615
1636
1616
1637
1611
1617
1638
1896
1612
1618
1639
1613
1619
1640
1614
1620
1641
1615
1621
1642
1616
1622
1643
1623
1644
1618
1624
1645
1903
1619
1625
1646
1620
1626
1647
1621
1627
1648
1622
1628
1649
1623
1629
1650
1630
1651
1625
1652
1910
1626
1653
1627
1654
1628
1655
1629
1656
1630
1657
1658
1632
1638
1659
1917
1633
1639
1660
1634
1640
1661
1635
1641
1662
1636
1642
1663
1637
1643
1664
1644
1665
1639
1645
1666
1924
1640
1646
1667
1641
1647
1668
1642
1648
1669
1643
1649
1670
1644
1650
1671
1651
1672
1646
1652
1673
1931
1647
1653
1674
1648
1654
1675
1649
1655
1676
1650
1656
1677
1651
1657
1678
1658
1679
1653
1680
1938
1654
1681
1655
1682
1656
1683
1657
1684
1658
1685
1686
1660
1666
1687
1945
1661
1667
1688
1662
1668
1689
1663
1669
1690
1664
1670
1691
1665
1671
1692
1672
1693
1667
1673
1694
1952
1668
1674
1695
1669
1675
1696
1670
1676
1697
1671
1677
1698
1672
1678
1699
1679
1700
1674
1680
1701
1959
1675
1681
1702
1676
1682
1703
1677
1683
1704
1678
1684
1705
1679
1685
1706
1686
1707
1681
1708
1966
1682
1709
1683
1710
1684
1711
1685
1712
1686
1713
1714
1688
1694
1715
1973
1689
1695
1716
1690
1696
1717
1691
1697
1718
1692
1698
1719
1693
1699
1720
1700
1721
1695
1701
1722
1980
1696
1702
1723
1697
1703
1724
1698
1704
1725
1699
1705
1726
1700
1706
1727
1707
1728
1702
1708
1729
1987
1703
1709
1730
1704
1710
1731
1705
1711
1732
1706
1712
1733
1707
1713
1734
1714
1735
1709
1736
1994
1710
1737
1711
1738
1712
1739
1713
1740
1714
1741
1742
1716
1722
1743
2001
1717
1723
1744
1718
1724
1745
1719
1725
1746
1720
1726
1747
1721
1727
1748
1728
1749
1723
1729
1750
2008
1724
1730
1751
1725
1731
1752
1726
1732
1753
1727
1733
1754
1728
1734
1755
1735
1756
1730
1736
1757
2015
1731
1737
1758
1732
1738
1759
1733
1739
1760
1734
1740
1761
1735
1741
1762
1742
1763
1737
1764
2022
1738
1765
1739
1766
1740
1767
1741
1768
1742
1769
1770
1744
1750
1771
2029
1745
1751
1772
1746
1752
1773
1747
1753
1774
1748
1754
1775
1749
1755
1776
1756
1777
1751
1757
1778
2036
1752
1758
1779
1753
1759
1780
1754
1760
1781
1755
1761
1782
1756
1762
1783
1763
1784
1758
1764
1785
2043
1759
1765
1786
1760
1766
1787
1761
1767
1788
1762
1768
1789
1763
1769
1790
1770
1791
1765
1792
2050
1766
1793
1767
1794
1768
1795
1769
1796
1770
1797
1798
1772
1778
1799
2057
1773
1779
1800
1774
1780
1801
1775
1781
1802
1776
1782
1803
1777
1783
1804
1784
1805
1779
1785
1806
2064
1780
1786
1807
1781
1787
1808
1782
1788
1809
1783
1789
1810
1784
1790
1811
1791
1812
1786
1792
1813
2071
1787
1793
1814
1788
1794
1815
1789
1795
1816
1790
1796
1817
1791
1797
1818
1798
1819
1793
1820
2078
1794
1821
1795
1822
1796
1823
1797
1824
1798
1825
1826
1800
1806
1827
2085
1801
1807
1828
1802
1808
1829
1803
1809
1830
1804
1810
1831
1805
1811
1832
1812
1833
1807
1813
1834
2092
1808
1814
1835
1809
1815
1836
1810
1816
1837
1811
1817
1838
1812
1818
1839
1819
1840
1814
1820
1841
2099
1815
1821
1842
1816
1822
1843
1817
1823
1844
1818
1824
1845
1819
1825
1846
1826
1847
1821
1848
2106
1822
1849
1823
1850
1824
1851
1825
1852
1826
1853
1854
1828
1834
2113
1829
1835
1830
1836
1831
1837
1832
1838
1833
1839
1840
1835
1841
2120
1836
1842
1837
1843
1838
1844
1839
1845
1840
1846
1847
1842
1848
2127
1843
1849
1844
1850
1845
1851
1846
1852
1847
1853
1854
1849
2134
1850
1851
1852
1853
1854
1856
1862
1883
2141
1857
1863
1884
1858
1864
1885
1859
1865
1886
1860
1866
1887
1861
1867
1888
1868
1889
1863
1869
1890
2148
1864
1870
1891
1865
1871
1892
1866
1872
1893
1867
1873
1894
1868
1874
1895
1875
1896
1870
1876
1897
2155
1871
1877
1898
1872
1878
1899
1873
1879
1900
1874
1880
1901
1875
1881
1902
1882
1903
1877
1904
2162
1878
1905
1879
1906
1880
1907
1881
1908
1882
1909
1910
1884
1890
1911
2169
1885
1891
1912
1886
1892
1913
1887
1893
1914
1888
1894
1915
1889
1895
1916
1896
1917
1891
1897
1918
2176
1892
1898
1919
1893
1899
1920
1894
1900
1921
1895
1901
1922
1896
1902
1923
1903
1924
1898
1904
1925
2183
1899
1905
1926
1900
1906
1927
1901
1907
1928
1902
1908
1929
1903
1909
1930
1910
1931
1905
1932
2190
1906
1933
1907
1934
1908
1935
1909
1936
1910
1937
1938
1912
1918
1939
2197
1913
1919
1940
1914
1920
1941
1915
1921
1942
1916
1922
1943
1917
1923
1944
1924
1945
1919
1925
1946
2204
1920
1926
1947
1921
1927
1948
1922
1928
1949
1923
1929
1950
1924
1930
1951
1931
1952
1926
1932
1953
2211
1927
1933
1954
1928
1934
1955
1929
1935
1956
1930
1936
1957
1931
1937
1958
1938
1959
1933
1960
2218
1934
1961
1935
1962
1936
1963
1937
1964
1938
1965
1966
1940
1946
1967
2225
1941
1947
1968
1942
1948
1969
1943
1949
1970
1944
1950
1971
1945
1951
1972
1952
1973
1947
1953
1974
2232
1948
1954
1975
1949
1955
1976
1950
1956
1977
1951
1957
1978
1952
1958
1979
1959
1980
1954
1960
1981
2239
1955
1961
1982
1956
1962
1983
1957
1963
1984
1958
1964
1985
1959
1965
1986
1966
1987
1961
1988
2246
1962
1989
1963
1990
1964
1991
1965
1992
1966
1993
1994
1968
1974
1995
2253
1969
1975
1996
1970
1976
1997
1971
1977
1998
1972
1978
1999
1973
1979
2000
1980
2001
1975
1981
2002
2260
1976
1982
2003
1977
1983
2004
1978
1984
2005
1979
1985
2006
1980
1986
2007
1987
2008
1982
1988
2009
2267
1983
1989
2010
1984
1990
2011
1985
1991
2012
1986
1992
2013
1987
1993
2014
1994
2015
1989
2016
2274
1990
2017
1991
2018
1992
2019
1993
2020
1994
2021
2022
1996
2002
2023
2281
1997
2003
2024
1998
2004
2025
1999
2005
2026
2000
2006
2027
2001
2007
2028
2008
2029
2003
2009
2030
2288
2004
2010
2031
2005
2011
2032
2006
2012
2033
2007
2013
2034
2008
2014
2035
2015
2036
2010
2016
2037
2295
2011
2017
2038
2012
2018
2039
2013
2019
2040
2014
2020
2041
2015
2021
2042
2022
2043
2017
2044
2302
2018
2045
2019
2046
2020
2047
2021
2048
2022
2049
2050
2024
2030
2051
2309
2025
2031
2052
2026
2032
2053
2027
2033
2054
2028
2034
2055
2029
2035
2056
2036
2057
2031
2037
2058
2316
2032
2038
2059
2033
2039
2060
2034
2040
2061
2035
2041
2062
2036
2042
2063
2043
2064
2038
2044
2065
2323
2039
2045
2066
2040
2046
2067
2041
2047
2068
2042
2048
2069
2043
2049
2070
2050
2071
2045
2072
2330
2046
2073
2047
2074
2048
2075
2049
2076
2050
2077
2078
2052
2058
2079
2337
2053
2059
2080
2054
2060
2081
2055
2061
2082
2056
2062
2083
2057
2063
2084
2064
2085
2059
2065
2086
2344
2060
2066
2087
2061
2067
2088
2062
2068
2089
2063
2069
2090
2064
2070
2091
2071
2092
2066
2072
2093
2351
2067
2073
2094
2068
2074
2095
2069
2075
2096
2070
2076
2097
2071
2077
2098
2078
2099
2073
2100
2358
2074
2101
2075
2102
2076
2103
2077
2104
2078
2105
2106
2080
2086
2107
2365
2081
2087
2108
2082
2088
2109
2083
2089
2110
2084
2090
2111
2085
2091
2112
2092
2113
2087
2093
2114
2372
2088
2094
2115
2089
2095
2116
2090
2096
2117
2091
2097
2118
2092
2098
2119
2099
2120
2094
2100
2121
2379
2095
2101
2122
2096
2102
2123
2097
2103
2124
2098
2104
2125
2099
2105
2126
2106
2127
2101
2128
2386
2102
2129
2103
2130
2104
2131
2105
2132
2106
2133
2134
2108
2114
2393
2109
2115
2110
2116
2111
2117
2112
2118
2113
2119
2120
2115
2121
2400
2116
2122
2117
2123
2118
2124
2119
2125
2120
2126
2127
2122
2128
2407
2123
2129
2124
2130
2125
2131
2126
2132
2127
2133
2134
2129
2414
2130
2131
2132
2133
2134
2136
2142
2163
2137
2143
2164
2138
2144
2165
2139
2145
2166
2140
2146
2167
2141
2147
2168
2148
2169
2143
2149
2170
2144
2150
2171
2145
2151
2172
2146
2152
2173
2147
2153
2174
2148
2154
2175
2155
2176
2150
2156
2177
2151
2157
2178
2152
2158
2179
2153
2159
2180
2154
2160
2181
2155
2161
2182
2162
2183
2157
2184
2158
2185
2159
2186
2160
2187
2161
2188
2162
2189
2190
2164
2170
2191
2165
2171
2192
2166
2172
2193
2167
2173
2194
2168
2174
2195
2169
2175
2196
2176
2197
2171
2177
2198
2172
2178
2199
2173
2179
2200
2174
2180
2201
2175
2181
2202
2176
2182
2203
2183
2204
2178
2184
2205
2179
2185
2206
2180
2186
2207
2181
2187
2208
2182
2188
2209
2183
2189
2210
2190
2211
2185
2212
2186
2213
2187
2214
2188
2215
2189
2216
2190
2217
2218
2192
2198
2219
2193
2199
2220
2194
2200
2221
2195
2201
2222
2196
2202
2223
2197
2203
2224
2204
2225
2199
2205
2226
2200
2206
2227
2201
2207
2228
2202
2208
2229
2203
2209
2230
2204
2210
2231
2211
2232
2206
2212
2233
2207
2213
2234
2208
2214
2235
2209
2215
2236
2210
2216
2237
2211
2217
2238
2218
2239
2213
2240
2214
2241
2215
2242
2216
2243
2217
2244
2218
2245
2246
2220
2226
2247
2221
2227
2248
2222
2228
2249
2223
2229
2250
2224
2230
2251
2225
2231
2252
2232
2253
2227
2233
2254
2228
2234
2255
2229
2235
2256
2230
2236
2257
2231
2237
2258
2232
2238
2259
2239
2260
2234
2240
2261
2235
2241
2262
2236
2242
2263
2237
2243
2264
2238
2244
2265
2239
2245
2266
2246
2267
2241
2268
2242
2269
2243
2270
2244
2271
2245
2272
2246
2273
2274
2248
2254
2275
2249
2255
2276
2250
2256
2277
2251
2257
2278
2252
2258
2279
2253
2259
2280
2260
2281
2255
2261
2282
2256
2262
2283
2257
2263
2284
2258
2264
2285
2259
2265
2286
2260
2266
2287
2267
2288
2262
2268
2289
2263
2269
2290
2264
2270
2291
2265
2271
2292
2266
2272
2293
2267
2273
2294
2274
2295
2269
2296
2270
2297
2271
2298
2272
2299
2273
2300
2274
2301
2302
2276
2282
2303
2277
2283
2304
2278
2284
2305
2279
2285
2306
2280
2286
2307
2281
2287
2308
2288
2309
2283
2289
2310
2284
2290
2311
2285
2291
2312
2286
2292
2313
2287
2293
2314
2288
2294
2315
2295
2316
2290
2296
2317
2291
2297
2318
2292
2298
2319
2293
2299
2320
2294
2300
2321
2295
2301
2322
2302
2323
2297
2324
2298
2325
2299
2326
2300
2327
2301
2328
2302
2329
2330
2304
2310
2331
2305
2311
2332
2306
2312
2333
2307
2313
2334
2308
2314
2335
2309
2315
2336
2316
2337
2311
2317
2338
2312
2318
2339
2313
2319
2340
2314
2320
2341
2315
2321
2342
2316
2322
2343
2323
2344
2318
2324
2345
2319
2325
2346
2320
2326
2347
2321
2327
2348
2322
2328
2349
2323
2329
2350
2330
2351
2325
2352
2326
2353
2327
2354
2328
2355
2329
2356
2330
2357
2358
2332
2338
2359
2333
2339
2360
2334
2340
2361
2335
2341
2362
2336
2342
2363
2337
2343
2364
2344
2365
2339
2345
2366
2340
2346
2367
2341
2347
2368
2342
2348
2369
2343
2349
2370
2344
2350
2371
2351
2372
2346
2352
2373
2347
2353
2374
2348
2354
2375
2349
2355
2376
2350
2356
2377
2351
2357
2378
2358
2379
2353
2380
2354
2381
2355
2382
2356
2383
2357
2384
2358
2385
2386
2360
2366
2387
2361
2367
2388
2362
2368
2389
2363
2369
2390
2364
2370
2391
2365
2371
2392
2372
2393
2367
2373
2394
2368
2374
2395
2369
2375
2396
2370
2376
2397
2371
2377
2398
2372
2378
2399
2379
2400
2374
2380
2401
2375
2381
2402
2376
2382
2403
2377
2383
2404
2378
2384
2405
2379
2385
2406
2386
2407
2381
2408
2382
2409
2383
2410
2384
2411
2385
2412
2386
2413
2414
2388
2394
2389
2395
2390
2396
2391
2397
2392
2398
2393
2399
2400
2395
2401
2396
2402
2397
2403
2398
2404
2399
2405
2400
2406
2407
2402
2408
2403
2409
2404
2410
2405
2411
2406
2412
2407
2413
2414
2409
2410
2411
2412
2413
2414
2416
2422
2436
2526
2417
2423
2437
2418
2424
2438
2419
2425
2439
2420
2426
2440
2421
2427
2441
2428
2442
2730
2423
2429
2443
2533
2424
2430
2444
2425
2431
2445
2426
2432
2446
2427
2433
2447
2428
2434
2448
2435
2449
2737
2430
2450
2540
2835
2431
2451
2836
2432
2452
2837
2433
2453
2838
2434
2454
2839
2435
2455
2840
2456
2744
2841
2437
2443
2457
2547
2438
2444
2458
2439
2445
2459
2440
2446
2460
2441
2447
2461
2442
2448
2462
2449
2463
2751
2444
2450
2464
2554
2445
2451
2465
2446
2452
2466
2447
2453
2467
2448
2454
2468
2449
2455
2469
2456
2470
2758
2451
2471
2561
2877
2452
2472
2878
2453
2473
2879
2454
2474
2880
2455
2475
2881
2456
2476
2882
2477
2765
2883
2458
2464
2478
2568
2459
2465
2479
2460
2466
2480
2461
2467
2481
2462
2468
2482
2463
2469
2483
2470
2484
2772
2465
2471
2485
2575
2466
2472
2486
2467
2473
2487
2468
2474
2488
2469
2475
2489
2470
2476
2490
2477
2491
2779
2472
2492
2582
2919
2473
2493
2920
2474
2494
2921
2475
2495
2922
2476
2496
2923
2477
2497
2924
2498
2786
2925
2479
2485
2499
2589
2480
2486
2500
2481
2487
2501
2482
2488
2502
2483
2489
2503
2484
2490
2504
2491
2505
2793
2486
2492
2506
2596
2487
2493
2507
2488
2494
2508
2489
2495
2509
2490
2496
2510
2491
2497
2511
2498
2512
2800
2493
2513
2603
2961
2494
2514
2962
2495
2515
2963
2496
2516
2964
2497
2517
2965
2498
2518
2966
2519
2807
2967
2500
2506
2610
2501
2507
2502
2508
2503
2509
2504
2510
2505
2511
2512
2814
2507
2513
2617
2508
2514
2509
2515
2510
2516
2511
2517
2512
2518
2519
2821
2514
2624
3003
2515
3004
2516
3005
2517
3006
2518
3007
2519
3008
2828
3009
2521
2527
2541
2631
2522
2528
2542
2523
2529
2543
2524
2530
2544
2525
2531
2545
2526
2532
2546
2533
2547
2528
2534
2548
2638
2529
2535
2549
2530
2536
2550
2531
2537
2551
2532
2538
2552
2533
2539
2553
2540
2554
2535
2555
2645
3045
2536
2556
3046
2537
2557
3047
2538
2558
3048
2539
2559
3049
2540
2560
3050
2561
3051
2542
2548
2562
2652
2543
2549
2563
2544
2550
2564
2545
2551
2565
2546
2552
2566
2547
2553
2567
2554
2568
2549
2555
2569
2659
2550
2556
2570
2551
2557
2571
2552
2558
2572
2553
2559
2573
2554
2560
2574
2561
2575
2556
2576
2666
3087
2557
2577
3088
2558
2578
3089
2559
2579
3090
2560
2580
3091
2561
2581
3092
2582
3093
2563
2569
2583
2673
2564
2570
2584
2565
2571
2585
2566
2572
2586
2567
2573
2587
2568
2574
2588
2575
2589
2570
2576
2590
2680
2571
2577
2591
2572
2578
2592
2573
2579
2593
2574
2580
2594
2575
2581
2595
2582
2596
2577
2597
2687
3129
2578
2598
3130
2579
2599
3131
2580
2600
3132
2581
2601
3133
2582
2602
3134
2603
3135
2584
2590
2604
2694
2585
2591
2605
2586
2592
2606
2587
2593
2607
2588
2594
2608
2589
2595
2609
2596
2610
2591
2597
2611
2701
2592
2598
2612
2593
2599
2613
2594
2600
2614
2595
2601
2615
2596
2602
2616
2603
2617
2598
2618
2708
3171
2599
2619
3172
2600
2620
3173
2601
2621
3174
2602
2622
3175
2603
2623
3176
2624
3177
2605
2611
2715
2606
2612
2607
2613
2608
2614
2609
2615
2610
2616
2617
2612
2618
2722
2613
2619
2614
2620
2615
2621
2616
2622
2617
2623
2624
2619
2729
3213
2620
3214
2621
3215
2622
3216
2623
3217
2624
3218
3219
2626
2632
2646
2736
2627
2633
2647
2628
2634
2648
2629
2635
2649
2630
2636
2650
2631
2637
2651
2638
2652
2633
2639
2653
2743
2634
2640
2654
2635
2641
2655
2636
2642
2656
2637
2643
2657
2638
2644
2658
2645
2659
2640
2660
2750
3255
2641
2661
3256
2642
2662
3257
2643
2663
3258
2644
2664
3259
2645
2665
3260
2666
3261
2647
2653
2667
2757
2648
2654
2668
2649
2655
2669
2650
2656
2670
2651
2657
2671
2652
2658
2672
2659
2673
2654
2660
2674
2764
2655
2661
2675
2656
2662
2676
2657
2663
2677
2658
2664
2678
2659
2665
2679
2666
2680
2661
2681
2771
3297
2662
2682
3298
2663
2683
3299
2664
2684
3300
2665
2685
3301
2666
2686
3302
2687
3303
2668
2674
2688
2778
2669
2675
2689
2670
2676
2690
2671
2677
2691
2672
2678
2692
2673
2679
2693
2680
2694
2675
2681
2695
2785
2676
2682
2696
2677
2683
2697
2678
2684
2698
2679
2685
2699
2680
2686
2700
2687
2701
2682
2702
2792
3339
2683
2703
3340
2684
2704
3341
2685
2705
3342
2686
2706
3343
2687
2707
3344
2708
3345
2689
2695
2709
2799
2690
2696
2710
2691
2697
2711
2692
2698
2712
2693
2699
2713
2694
2700
2714
2701
2715
2696
2702
2716
2806
2697
2703
2717
2698
2704
2718
2699
2705
2719
2700
2706
2720
2701
2707
2721
2708
2722
2703
2723
2813
3381
2704
2724
3382
2705
2725
3383
2706
2726
3384
2707
2727
3385
2708
2728
3386
2729
3387
2710
2716
2820
2711
2717
2712
2718
2713
2719
2714
2720
2715
2721
2722
2717
2723
2827
2718
2724
2719
2725
2720
2726
2721
2727
2722
2728
2729
2724
2834
3423
2725
3424
2726
3425
2727
3426
2728
3427
2729
3428
3429
2731
2737
2751
2732
2738
2752
2733
2739
2753
2734
2740
2754
2735
2741
2755
2736
2742
2756
2743
2757
2738
2744
2758
2739
2745
2759
2740
2746
2760
2741
2747
2761
2742
2748
2762
2743
2749
2763
2750
2764
2745
2765
3465
2746
2766
3466
2747
2767
3467
2748
2768
3468
2749
2769
3469
2750
2770
3470
2771
3471
2752
2758
2772
2753
2759
2773
2754
2760
2774
2755
2761
2775
2756
2762
2776
2757
2763
2777
2764
2778
2759
2765
2779
2760
2766
2780
2761
2767
2781
2762
2768
2782
2763
2769
2783
2764
2770
2784
2771
2785
2766
2786
3507
2767
2787
3508
2768
2788
3509
2769
2789
3510
2770
2790
3511
2771
2791
3512
2792
3513
2773
2779
2793
2774
2780
2794
2775
2781
2795
2776
2782
2796
2777
2783
2797
2778
2784
2798
2785
2799
2780
2786
2800
2781
2787
2801
2782
2788
2802
2783
2789
2803
2784
2790
2804
2785
2791
2805
2792
2806
2787
2807
3549
2788
2808
3550
2789
2809
3551
2790
2810
3552
2791
2811
3553
2792
2812
3554
2813
3555
2794
2800
2814
2795
2801
2815
2796
2802
2816
2797
2803
2817
2798
2804
2818
2799
2805
2819
2806
2820
2801
2807
2821
2802
2808
2822
2803
2809
2823
2804
2810
2824
2805
2811
2825
2806
2812
2826
2813
2827
2808
2828
3591
2809
2829
3592
2810
2830
3593
2811
2831
3594
2812
2832
3595
2813
2833
3596
2834
3597
2815
2821
2816
2822
2817
2823
2818
2824
2819
2825
2820
2826
2827
2822
2828
2823
2829
2824
2830
2825
2831
2826
2832
2827
2833
2834
2829
3633
2830
3634
2831
3635
2832
3636
2833
3637
2834
3638
3639
2836
2842
2877
3051
2837
2843
2878
2838
2844
2879
2839
2845
2880
2840
2846
2881
2841
2847
2882
2848
2883
3465
2843
2849
2884
3058
2844
2850
2885
2845
2851
2886
2846
2852
2887
2847
2853
2888
2848
2854
2889
2855
2890
3472
2850
2856
2891
3065
2851
2857
2892
2852
2858
2893
2853
2859
2894
2854
2860
2895
2855
2861
2896
2862
2897
3479
2857
2863
2898
3072
2858
2864
2899
2859
2865
2900
2860
2866
2901
2861
2867
2902
2862
2868
2903
2869
2904
3486
2864
2870
2905
3079
2865
2871
2906
2866
2872
2907
2867
2873
2908
2868
2874
2909
2869
2875
2910
2876
2911
3493
2871
2912
3086
2872
2913
2873
2914
2874
2915
2875
2916
2876
2917
2918
3500
2878
2884
2919
3093
2879
2885
2920
2880
2886
2921
2881
2887
2922
2882
2888
2923
2883
2889
2924
2890
2925
3507
2885
2891
2926
3100
2886
2892
2927
2887
2893
2928
2888
2894
2929
2889
2895
2930
2890
2896
2931
2897
2932
3514
2892
2898
2933
3107
2893
2899
2934
2894
2900
2935
2895
2901
2936
2896
2902
2937
2897
2903
2938
2904
2939
3521
2899
2905
2940
3114
2900
2906
2941
2901
2907
2942
2902
2908
2943
2903
2909
2944
2904
2910
2945
2911
2946
3528
2906
2912
2947
3121
2907
2913
2948
2908
2914
2949
2909
2915
2950
2910
2916
2951
2911
2917
2952
2918
2953
3535
2913
2954
3128
2914
2955
2915
2956
2916
2957
2917
2958
2918
2959
2960
3542
2920
2926
2961
3135
2921
2927
2962
2922
2928
2963
2923
2929
2964
2924
2930
2965
2925
2931
2966
2932
2967
3549
2927
2933
2968
3142
2928
2934
2969
2929
2935
2970
2930
2936
2971
2931
2937
2972
2932
2938
2973
2939
2974
3556
2934
2940
2975
3149
2935
2941
2976
2936
2942
2977
2937
2943
2978
2938
2944
2979
2939
2945
2980
2946
2981
3563
2941
2947
2982
3156
2942
2948
2983
2943
2949
2984
2944
2950
2985
2945
2951
2986
2946
2952
2987
2953
2988
3570
2948
2954
2989
3163
2949
2955
2990
2950
2956
2991
2951
2957
2992
2952
2958
2993
2953
2959
2994
2960
2995
3577
2955
2996
3170
2956
2997
2957
2998
2958
2999
2959
3000
2960
3001
3002
3584
2962
2968
3003
3177
2963
2969
3004
2964
2970
3005
2965
2971
3006
2966
2972
3007
2967
2973
3008
2974
3009
3591
2969
2975
3010
3184
2970
2976
3011
2971
2977
3012
2972
2978
3013
2973
2979
3014
2974
2980
3015
2981
3016
3598
2976
2982
3017
3191
2977
2983
3018
2978
2984
3019
2979
2985
3020
2980
2986
3021
2981
2987
3022
2988
3023
3605
2983
2989
3024
3198
2984
2990
3025
2985
2991
3026
2986
2992
3027
2987
2993
3028
2988
2994
3029
2995
3030
3612
2990
2996
3031
3205
2991
2997
3032
2992
2998
3033
2993
2999
3034
2994
3000
3035
2995
3001
3036
3002
3037
3619
2997
3038
3212
2998
3039
2999
3040
3000
3041
3001
3042
3002
3043
3044
3626
3004
3010
3219
3675
3005
3011
3676
3006
3012
3677
3007
3013
3678
3008
3014
3679
3009
3015
3680
3016
3633
3681
3011
3017
3226
3682
3012
3018
3683
3013
3019
3684
3014
3020
3685
3015
3021
3686
3016
3022
3687
3023
3640
3688
3018
3024
3233
3689
3019
3025
3690
3020
3026
3691
3021
3027
3692
3022
3028
3693
3023
3029
3694
3030
3647
3695
3025
3031
3240
3696
3026
3032
3697
3027
3033
3698
3028
3034
3699
3029
3035
3700
3030
3036
3701
3037
3654
3702
3032
3038
3247
3703
3033
3039
3704
3034
3040
3705
3035
3041
3706
3036
3042
3707
3037
3043
3708
3044
3661
3709
3039
3254
3710
3040
3711
3041
3712
3042
3713
3043
3714
3044
3715
3668
3716
3046
3052
3087
3261
3047
3053
3088
3048
3054
3089
3049
3055
3090
3050
3056
3091
3051
3057
3092
3058
3093
3053
3059
3094
3268
3054
3060
3095
3055
3061
3096
3056
3062
3097
3057
3063
3098
3058
3064
3099
3065
3100
3060
3066
3101
3275
3061
3067
3102
3062
3068
3103
3063
3069
3104
3064
3070
3105
3065
3071
3106
3072
3107
3067
3073
3108
3282
3068
3074
3109
3069
3075
3110
3070
3076
3111
3071
3077
3112
3072
3078
3113
3079
3114
3074
3080
3115
3289
3075
3081
3116
3076
3082
3117
3077
3083
3118
3078
3084
3119
3079
3085
3120
3086
3121
3081
3122
3296
3082
3123
3083
3124
3084
3125
3085
3126
3086
3127
3128
3088
3094
3129
3303
3089
3095
3130
3090
3096
3131
3091
3097
3132
3092
3098
3133
3093
3099
3134
3100
3135
3095
3101
3136
3310
3096
3102
3137
3097
3103
3138
3098
3104
3139
3099
3105
3140
3100
3106
3141
3107
3142
3102
3108
3143
3317
3103
3109
3144
3104
3110
3145
3105
3111
3146
3106
3112
3147
3107
3113
3148
3114
3149
3109
3115
3150
3324
3110
3116
3151
3111
3117
3152
3112
3118
3153
3113
3119
3154
3114
3120
3155
3121
3156
3116
3122
3157
3331
3117
3123
3158
3118
3124
3159
3119
3125
3160
3120
3126
3161
3121
3127
3162
3128
3163
3123
3164
3338
3124
3165
3125
3166
3126
3167
3127
3168
3128
3169
3170
3130
3136
3171
3345
3131
3137
3172
3132
3138
3173
3133
3139
3174
3134
3140
3175
3135
3141
3176
3142
3177
3137
3143
3178
3352
3138
3144
3179
3139
3145
3180
3140
3146
3181
3141
3147
3182
3142
3148
3183
3149
3184
3144
3150
3185
3359
3145
3151
3186
3146
3152
3187
3147
3153
3188
3148
3154
3189
3149
3155
3190
3156
3191
3151
3157
3192
3366
3152
3158
3193
3153
3159
3194
3154
3160
3195
3155
3161
3196
3156
3162
3197
3163
3198
3158
3164
3199
3373
3159
3165
3200
3160
3166
3201
3161
3167
3202
3162
3168
3203
3163
3169
3204
3170
3205
3165
3206
3380
3166
3207
3167
3208
3168
3209
3169
3210
3170
3211
3212
3172
3178
3213
3387
3173
3179
3214
3174
3180
3215
3175
3181
3216
3176
3182
3217
3177
3183
3218
3184
3219
3179
3185
3220
3394
3180
3186
3221
3181
3187
3222
3182
3188
3223
3183
3189
3224
3184
3190
3225
3191
3226
3186
3192
3227
3401
3187
3193
3228
3188
3194
3229
3189
3195
3230
3190
3196
3231
3191
3197
3232
3198
3233
3193
3199
3234
3408
3194
3200
3235
3195
3201
3236
3196
3202
3237
3197
3203
3238
3198
3204
3239
3205
3240
3200
3206
3241
3415
3201
3207
3242
3202
3208
3243
3203
3209
3244
3204
3210
3245
3205
3211
3246
3212
3247
3207
3248
3422
3208
3249
3209
3250
3210
3251
3211
3252
3212
3253
3254
3214
3220
3429
4095
3215
3221
4096
3216
3222
4097
3217
3223
4098
3218
3224
4099
3219
3225
4100
3226
4101
3221
3227
3436
4102
3222
3228
4103
3223
3229
4104
3224
3230
4105
3225
3231
4106
3226
3232
4107
3233
4108
3228
3234
3443
4109
3229
3235
4110
3230
3236
4111
3231
3237
4112
3232
3238
4113
3233
3239
4114
3240
4115
3235
3241
3450
4116
3236
3242
4117
3237
3243
4118
3238
3244
4119
3239
3245
4120
3240
3246
4121
3247
4122
3242
3248
3457
4123
3243
3249
4124
3244
3250
4125
3245
3251
4126
3246
3252
4127
3247
3253
4128
3254
4129
3249
3464
4130
3250
4131
3251
4132
3252
4133
3253
4134
3254
4135
4136
3256
3262
3297
3471
3257
3263
3298
3258
3264
3299
3259
3265
3300
3260
3266
3301
3261
3267
3302
3268
3303
3263
3269
3304
3478
3264
3270
3305
3265
3271
3306
3266
3272
3307
3267
3273
3308
3268
3274
3309
3275
3310
3270
3276
3311
3485
3271
3277
3312
3272
3278
3313
3273
3279
3314
3274
3280
3315
3275
3281
3316
3282
3317
3277
3283
3318
3492
3278
3284
3319
3279
3285
3320
3280
3286
3321
3281
3287
3322
3282
3288
3323
3289
3324
3284
3290
3325
3499
3285
3291
3326
3286
3292
3327
3287
3293
3328
3288
3294
3329
3289
3295
3330
3296
3331
3291
3332
3506
3292
3333
3293
3334
3294
3335
3295
3336
3296
3337
3338
3298
3304
3339
3513
3299
3305
3340
3300
3306
3341
3301
3307
3342
3302
3308
3343
3303
3309
3344
3310
3345
3305
3311
3346
3520
3306
3312
3347
3307
3313
3348
3308
3314
3349
3309
3315
3350
3310
3316
3351
3317
3352
3312
3318
3353
3527
3313
3319
3354
3314
3320
3355
3315
3321
3356
3316
3322
3357
3317
3323
3358
3324
3359
3319
3325
3360
3534
3320
3326
3361
3321
3327
3362
3322
3328
3363
3323
3329
3364
3324
3330
3365
3331
3366
3326
3332
3367
3541
3327
3333
3368
3328
3334
3369
3329
3335
3370
3330
3336
3371
3331
3337
3372
3338
3373
3333
3374
3548
3334
3375
3335
3376
3336
3377
3337
3378
3338
3379
3380
3340
3346
3381
3555
3341
3347
3382
3342
3348
3383
3343
3349
3384
3344
3350
3385
3345
3351
3386
3352
3387
3347
3353
3388
3562
3348
3354
3389
3349
3355
3390
3350
3356
3391
3351
3357
3392
3352
3358
3393
3359
3394
3354
3360
3395
3569
3355
3361
3396
3356
3362
3397
3357
3363
3398
3358
3364
3399
3359
3365
3400
3366
3401
3361
3367
3402
3576
3362
3368
3403
3363
3369
3404
3364
3370
3405
3365
3371
3406
3366
3372
3407
3373
3408
3368
3374
3409
3583
3369
3375
3410
3370
3376
3411
3371
3377
3412
3372
3378
3413
3373
3379
3414
3380
3415
3375
3416
3590
3376
3417
3377
3418
3378
3419
3379
3420
3380
3421
3422
3382
3388
3423
3597
3383
3389
3424
3384
3390
3425
3385
3391
3426
3386
3392
3427
3387
3393
3428
3394
3429
3389
3395
3430
3604
3390
3396
3431
3391
3397
3432
3392
3398
3433
3393
3399
3434
3394
3400
3435
3401
3436
3396
3402
3437
3611
3397
3403
3438
3398
3404
3439
3399
3405
3440
3400
3406
3441
3401
3407
3442
3408
3443
3403
3409
3444
3618
3404
3410
3445
3405
3411
3446
3406
3412
3447
3407
3413
3448
3408
3414
3449
3415
3450
3410
3416
3451
3625
3411
3417
3452
3412
3418
3453
3413
3419
3454
3414
3420
3455
3415
3421
3456
3422
3457
3417
3458
3632
3418
3459
3419
3460
3420
3461
3421
3462
3422
3463
3464
3424
3430
3639
4515
3425
3431
4516
3426
3432
4517
3427
3433
4518
3428
3434
4519
3429
3435
4520
3436
4521
3431
3437
3646
4522
3432
3438
4523
3433
3439
4524
3434
3440
4525
3435
3441
4526
3436
3442
4527
3443
4528
3438
3444
3653
4529
3439
3445
4530
3440
3446
4531
3441
3447
4532
3442
3448
4533
3443
3449
4534
3450
4535
3445
3451
3660
4536
3446
3452
4537
3447
3453
4538
3448
3454
4539
3449
3455
4540
3450
3456
4541
3457
4542
3452
3458
3667
4543
3453
3459
4544
3454
3460
4545
3455
3461
4546
3456
3462
4547
3457
3463
4548
3464
4549
3459
3674
4550
3460
4551
3461
4552
3462
4553
3463
4554
3464
4555
4556
3466
3472
3507
3467
3473
3508
3468
3474
3509
3469
3475
3510
3470
3476
3511
3471
3477
3512
3478
3513
3473
3479
3514
3474
3480
3515
3475
3481
3516
3476
3482
3517
3477
3483
3518
3478
3484
3519
3485
3520
3480
3486
3521
3481
3487
3522
3482
3488
3523
3483
3489
3524
3484
3490
3525
3485
3491
3526
3492
3527
3487
3493
3528
3488
3494
3529
3489
3495
3530
3490
3496
3531
3491
3497
3532
3492
3498
3533
3499
3534
3494
3500
3535
3495
3501
3536
3496
3502
3537
3497
3503
3538
3498
3504
3539
3499
3505
3540
3506
3541
3501
3542
3502
3543
3503
3544
3504
3545
3505
3546
3506
3547
3548
3508
3514
3549
3509
3515
3550
3510
3516
3551
3511
3517
3552
3512
3518
3553
3513
3519
3554
3520
3555
3515
3521
3556
3516
3522
3557
3517
3523
3558
3518
3524
3559
3519
3525
3560
3520
3526
3561
3527
3562
3522
3528
3563
3523
3529
3564
3524
3530
3565
3525
3531
3566
3526
3532
3567
3527
3533
3568
3534
3569
3529
3535
3570
3530
3536
3571
3531
3537
3572
3532
3538
3573
3533
3539
3574
3534
3540
3575
3541
3576
3536
3542
3577
3537
3543
3578
3538
3544
3579
3539
3545
3580
3540
3546
3581
3541
3547
3582
3548
3583
3543
3584
3544
3585
3545
3586
3546
3587
3547
3588
3548
3589
3590
3550
3556
3591
3551
3557
3592
3552
3558
3593
3553
3559
3594
3554
3560
3595
3555
3561
3596
3562
3597
3557
3563
3598
3558
3564
3599
3559
3565
3600
3560
3566
3601
3561
3567
3602
3562
3568
3603
3569
3604
3564
3570
3605
3565
3571
3606
3566
3572
3607
3567
3573
3608
3568
3574
3609
3569
3575
3610
3576
3611
3571
3577
3612
3572
3578
3613
3573
3579
3614
3574
3580
3615
3575
3581
3616
3576
3582
3617
3583
3618
3578
3584
3619
3579
3585
3620
3580
3586
3621
3581
3587
3622
3582
3588
3623
3583
3589
3624
3590
3625
3585
3626
3586
3627
3587
3628
3588
3629
3589
3630
3590
3631
3632
3592
3598
3633
3593
3599
3634
3594
3600
3635
3595
3601
3636
3596
3602
3637
3597
3603
3638
3604
3639
3599
3605
3640
3600
3606
3641
3601
3607
3642
3602
3608
3643
3603
3609
3644
3604
3610
3645
3611
3646
3606
3612
3647
3607
3613
3648
3608
3614
3649
3609
3615
3650
3610
3616
3651
3611
3617
3652
3618
3653
3613
3619
3654
3614
3620
3655
3615
3621
3656
3616
3622
3657
3617
3623
3658
3618
3624
3659
3625
3660
3620
3626
3661
3621
3627
3662
3622
3628
3663
3623
3629
3664
3624
3630
3665
3625
3631
3666
3632
3667
3627
3668
3628
3669
3629
3670
3630
3671
3631
3672
3632
3673
3674
3634
3640
4935
3635
3641
4936
3636
3642
4937
3637
3643
4938
3638
3644
4939
3639
3645
4940
3646
4941
3641
3647
4942
3642
3648
4943
3643
3649
4944
3644
3650
4945
3645
3651
4946
3646
3652
4947
3653
4948
3648
3654
4949
3649
3655
4950
3650
3656
4951
3651
3657
4952
3652
3658
4953
3653
3659
4954
3660
4955
3655
3661
4956
3656
3662
4957
3657
3663
4958
3658
3664
4959
3659
3665
4960
3660
3666
4961
3667
4962
3662
3668
4963
3663
3669
4964
3664
3670
4965
3665
3671
4966
3666
3672
4967
3667
3673
4968
3674
4969
3669
4970
3670
4971
3671
4972
3672
4973
3673
4974
3674
4975
4976
3676
3682
3717
4101
3677
3683
3718
3678
3684
3719
3679
3685
3720
3680
3686
3721
3681
3687
3722
3688
3723
4935
3683
3689
3724
4108
3684
3690
3725
3685
3691
3726
3686
3692
3727
3687
3693
3728
3688
3694
3729
3695
3730
4942
3690
3696
3731
4115
3691
3697
3732
3692
3698
3733
3693
3699
3734
3694
3700
3735
3695
3701
3736
3702
3737
4949
3697
3703
3738
4122
3698
3704
3739
3699
3705
3740
3700
3706
3741
3701
3707
3742
3702
3708
3743
3709
3744
4956
3704
3710
3745
4129
3705
3711
3746
3706
3712
3747
3707
3713
3748
3708
3714
3749
3709
3715
3750
3716
3751
4963
3711
3752
4136
3712
3753
3713
3754
3714
3755
3715
3756
3716
3757
3758
4970
3718
3724
3759
4143
3719
3725
3760
3720
3726
3761
3721
3727
3762
3722
3728
3763
3723
3729
3764
3730
3765
4977
3725
3731
3766
4150
3726
3732
3767
3727
3733
3768
3728
3734
3769
3729
3735
3770
3730
3736
3771
3737
3772
4984
3732
3738
3773
4157
3733
3739
3774
3734
3740
3775
3735
3741
3776
3736
3742
3777
3737
3743
3778
3744
3779
4991
3739
3745
3780
4164
3740
3746
3781
3741
3747
3782
3742
3748
3783
3743
3749
3784
3744
3750
3785
3751
3786
4998
3746
3752
3787
4171
3747
3753
3788
3748
3754
3789
3749
3755
3790
3750
3756
3791
3751
3757
3792
3758
3793
5005
3753
3794
4178
3754
3795
3755
3796
3756
3797
3757
3798
3758
3799
3800
5012
3760
3766
3801
4185
3761
3767
3802
3762
3768
3803
3763
3769
3804
3764
3770
3805
3765
3771
3806
3772
3807
5019
3767
3773
3808
4192
3768
3774
3809
3769
3775
3810
3770
3776
3811
3771
3777
3812
3772
3778
3813
3779
3814
5026
3774
3780
3815
4199
3775
3781
3816
3776
3782
3817
3777
3783
3818
3778
3784
3819
3779
3785
3820
3786
3821
5033
3781
3787
3822
4206
3782
3788
3823
3783
3789
3824
3784
3790
3825
3785
3791
3826
3786
3792
3827
3793
3828
5040
3788
3794
3829
4213
3789
3795
3830
3790
3796
3831
3791
3797
3832
3792
3798
3833
3793
3799
3834
3800
3835
5047
3795
3836
4220
3796
3837
3797
3838
3798
3839
3799
3840
3800
3841
3842
5054
3802
3808
3843
4227
3803
3809
3844
3804
3810
3845
3805
3811
3846
3806
3812
3847
3807
3813
3848
3814
3849
5061
3809
3815
3850
4234
3810
3816
3851
3811
3817
3852
3812
3818
3853
3813
3819
3854
3814
3820
3855
3821
3856
5068
3816
3822
3857
4241
3817
3823
3858
3818
3824
3859
3819
3825
3860
3820
3826
3861
3821
3827
3862
3828
3863
5075
3823
3829
3864
4248
3824
3830
3865
3825
3831
3866
3826
3832
3867
3827
3833
3868
3828
3834
3869
3835
3870
5082
3830
3836
3871
4255
3831
3837
3872
3832
3838
3873
3833
3839
3874
3834
3840
3875
3835
3841
3876
3842
3877
5089
3837
3878
4262
3838
3879
3839
3880
3840
3881
3841
3882
3842
3883
3884
5096
3844
3850
3885
4269
3845
3851
3886
3846
3852
3887
3847
3853
3888
3848
3854
3889
3849
3855
3890
3856
3891
5103
3851
3857
3892
4276
3852
3858
3893
3853
3859
3894
3854
3860
3895
3855
3861
3896
3856
3862
3897
3863
3898
5110
3858
3864
3899
4283
3859
3865
3900
3860
3866
3901
3861
3867
3902
3862
3868
3903
3863
3869
3904
3870
3905
5117
3865
3871
3906
4290
3866
3872
3907
3867
3873
3908
3868
3874
3909
3869
3875
3910
3870
3876
3911
3877
3912
5124
3872
3878
3913
4297
3873
3879
3914
3874
3880
3915
3875
3881
3916
3876
3882
3917
3877
3883
3918
3884
3919
5131
3879
3920
4304
3880
3921
3881
3922
3882
3923
3883
3924
3884
3925
3926
5138
3886
3892
3927
4311
3887
3893
3928
3888
3894
3929
3889
3895
3930
3890
3896
3931
3891
3897
3932
3898
3933
5145
3893
3899
3934
4318
3894
3900
3935
3895
3901
3936
3896
3902
3937
3897
3903
3938
3898
3904
3939
3905
3940
5152
3900
3906
3941
4325
3901
3907
3942
3902
3908
3943
3903
3909
3944
3904
3910
3945
3905
3911
3946
3912
3947
5159
3907
3913
3948
4332
3908
3914
3949
3909
3915
3950
3910
3916
3951
3911
3917
3952
3912
3918
3953
3919
3954
5166
3914
3920
3955
4339
3915
3921
3956
3916
3922
3957
3917
3923
3958
3918
3924
3959
3919
3925
3960
3926
3961
5173
3921
3962
4346
3922
3963
3923
3964
3924
3965
3925
3966
3926
3967
3968
5180
3928
3934
3969
4353
3929
3935
3970
3930
3936
3971
3931
3937
3972
3932
3938
3973
3933
3939
3974
3940
3975
5187
3935
3941
3976
4360
3936
3942
3977
3937
3943
3978
3938
3944
3979
3939
3945
3980
3940
3946
3981
3947
3982
5194
3942
3948
3983
4367
3943
3949
3984
3944
3950
3985
3945
3951
3986
3946
3952
3987
3947
3953
3988
3954
3989
5201
3949
3955
3990
4374
3950
3956
3991
3951
3957
3992
3952
3958
3993
3953
3959
3994
3954
3960
3995
3961
3996
5208
3956
3962
3997
4381
3957
3963
3998
3958
3964
3999
3959
3965
4000
3960
3966
4001
3961
3967
4002
3968
4003
5215
3963
4004
4388
3964
4005
3965
4006
3966
4007
3967
4008
3968
4009
4010
5222
3970
3976
4011
4395
3971
3977
4012
3972
3978
4013
3973
3979
4014
3974
3980
4015
3975
3981
4016
3982
4017
5229
3977
3983
4018
4402
3978
3984
4019
3979
3985
4020
3980
3986
4021
3981
3987
4022
3982
3988
4023
3989
4024
5236
3984
3990
4025
4409
3985
3991
4026
3986
3992
4027
3987
3993
4028
3988
3994
4029
3989
3995
4030
3996
4031
5243
3991
3997
4032
4416
3992
3998
4033
3993
3999
4034
3994
4000
4035
3995
4001
4036
3996
4002
4037
4003
4038
5250
3998
4004
4039
4423
3999
4005
4040
4000
4006
4041
4001
4007
4042
4002
4008
4043
4003
4009
4044
4010
4045
5257
4005
4046
4430
4006
4047
4007
4048
4008
4049
4009
4050
4010
4051
4052
5264
4012
4018
4053
4437
4013
4019
4054
4014
4020
4055
4015
4021
4056
4016
4022
4057
4017
4023
4058
4024
4059
5271
4019
4025
4060
4444
4020
4026
4061
4021
4027
4062
4022
4028
4063
4023
4029
4064
4024
4030
4065
4031
4066
5278
4026
4032
4067
4451
4027
4033
4068
4028
4034
4069
4029
4035
4070
4030
4036
4071
4031
4037
4072
4038
4073
5285
4033
4039
4074
4458
4034
4040
4075
4035
4041
4076
4036
4042
4077
4037
4043
4078
4038
4044
4079
4045
4080
5292
4040
4046
4081
4465
4041
4047
4082
4042
4048
4083
4043
4049
4084
4044
4050
4085
4045
4051
4086
4052
4087
5299
4047
4088
4472
4048
4089
4049
4090
4050
4091
4051
4092
4052
4093
4094
5306
4054
4060
4479
5355
4055
4061
5356
4056
4062
5357
4057
4063
5358
4058
4064
5359
4059
4065
5360
4066
5313
5361
4061
4067
4486
5362
4062
4068
5363
4063
4069
5364
4064
4070
5365
4065
4071
5366
4066
4072
5367
4073
5320
5368
4068
4074
4493
5369
4069
4075
5370
4070
4076
5371
4071
4077
5372
4072
4078
5373
4073
4079
5374
4080
5327
5375
4075
4081
4500
5376
4076
4082
5377
4077
4083
5378
4078
4084
5379
4079
4085
5380
4080
4086
5381
4087
5334
5382
4082
4088
4507
5383
4083
4089
5384
4084
4090
5385
4085
4091
5386
4086
4092
5387
4087
4093
5388
4094
5341
5389
4089
4514
5390
4090
5391
4091
5392
4092
5393
4093
5394
4094
5395
5348
5396
4096
4102
4137
4521
4097
4103
4138
4098
4104
4139
4099
4105
4140
4100
4106
4141
4101
4107
4142
4108
4143
4103
4109
4144
4528
4104
4110
4145
4105
4111
4146
4106
4112
4147
4107
4113
4148
4108
4114
4149
4115
4150
4110
4116
4151
4535
4111
4117
4152
4112
4118
4153
4113
4119
4154
4114
4120
4155
4115
4121
4156
4122
4157
4117
4123
4158
4542
4118
4124
4159
4119
4125
4160
4120
4126
4161
4121
4127
4162
4122
4128
4163
4129
4164
4124
4130
4165
4549
4125
4131
4166
4126
4132
4167
4127
4133
4168
4128
4134
4169
4129
4135
4170
4136
4171
4131
4172
4556
4132
4173
4133
4174
4134
4175
4135
4176
4136
4177
4178
4138
4144
4179
4563
4139
4145
4180
4140
4146
4181
4141
4147
4182
4142
4148
4183
4143
4149
4184
4150
4185
4145
4151
4186
4570
4146
4152
4187
4147
4153
4188
4148
4154
4189
4149
4155
4190
4150
4156
4191
4157
4192
4152
4158
4193
4577
4153
4159
4194
4154
4160
4195
4155
4161
4196
4156
4162
4197
4157
4163
4198
4164
4199
4159
4165
4200
4584
4160
4166
4201
4161
4167
4202
4162
4168
4203
4163
4169
4204
4164
4170
4205
4171
4206
4166
4172
4207
4591
4167
4173
4208
4168
4174
4209
4169
4175
4210
4170
4176
4211
4171
4177
4212
4178
4213
4173
4214
4598
4174
4215
4175
4216
4176
4217
4177
4218
4178
4219
4220
4180
4186
4221
4605
4181
4187
4222
4182
4188
4223
4183
4189
4224
4184
4190
4225
4185
4191
4226
4192
4227
4187
4193
4228
4612
4188
4194
4229
4189
4195
4230
4190
4196
4231
4191
4197
4232
4192
4198
4233
4199
4234
4194
4200
4235
4619
4195
4201
4236
4196
4202
4237
4197
4203
4238
4198
4204
4239
4199
4205
4240
4206
4241
4201
4207
4242
4626
4202
4208
4243
4203
4209
4244
4204
4210
4245
4205
4211
4246
4206
4212
4247
4213
4248
4208
4214
4249
4633
4209
4215
4250
4210
4216
4251
4211
4217
4252
4212
4218
4253
4213
4219
4254
4220
4255
4215
4256
4640
4216
4257
4217
4258
4218
4259
4219
4260
4220
4261
4262
4222
4228
4263
4647
4223
4229
4264
4224
4230
4265
4225
4231
4266
4226
4232
4267
4227
4233
4268
4234
4269
4229
4235
4270
4654
4230
4236
4271
4231
4237
4272
4232
4238
4273
4233
4239
4274
4234
4240
4275
4241
4276
4236
4242
4277
4661
4237
4243
4278
4238
4244
4279
4239
4245
4280
4240
4246
4281
4241
4247
4282
4248
4283
4243
4249
4284
4668
4244
4250
4285
4245
4251
4286
4246
4252
4287
4247
4253
4288
4248
4254
4289
4255
4290
4250
4256
4291
4675
4251
4257
4292
4252
4258
4293
4253
4259
4294
4254
4260
4295
4255
4261
4296
4262
4297
4257
4298
4682
4258
4299
4259
4300
4260
4301
4261
4302
4262
4303
4304
4264
4270
4305
4689
4265
4271
4306
4266
4272
4307
4267
4273
4308
4268
4274
4309
4269
4275
4310
4276
4311
4271
4277
4312
4696
4272
4278
4313
4273
4279
4314
4274
4280
4315
4275
4281
4316
4276
4282
4317
4283
4318
4278
4284
4319
4703
4279
4285
4320
4280
4286
4321
4281
4287
4322
4282
4288
4323
4283
4289
4324
4290
4325
4285
4291
4326
4710
4286
4292
4327
4287
4293
4328
4288
4294
4329
4289
4295
4330
4290
4296
4331
4297
4332
4292
4298
4333
4717
4293
4299
4334
4294
4300
4335
4295
4301
4336
4296
4302
4337
4297
4303
4338
4304
4339
4299
4340
4724
4300
4341
4301
4342
4302
4343
4303
4344
4304
4345
4346
4306
4312
4347
4731
4307
4313
4348
4308
4314
4349
4309
4315
4350
4310
4316
4351
4311
4317
4352
4318
4353
4313
4319
4354
4738
4314
4320
4355
4315
4321
4356
4316
4322
4357
4317
4323
4358
4318
4324
4359
4325
4360
4320
4326
4361
4745
4321
4327
4362
4322
4328
4363
4323
4329
4364
4324
4330
4365
4325
4331
4366
4332
4367
4327
4333
4368
4752
4328
4334
4369
4329
4335
4370
4330
4336
4371
4331
4337
4372
4332
4338
4373
4339
4374
4334
4340
4375
4759
4335
4341
4376
4336
4342
4377
4337
4343
4378
4338
4344
4379
4339
4345
4380
4346
4381
4341
4382
4766
4342
4383
4343
4384
4344
4385
4345
4386
4346
4387
4388
4348
4354
4389
4773
4349
4355
4390
4350
4356
4391
4351
4357
4392
4352
4358
4393
4353
4359
4394
4360
4395
4355
4361
4396
4780
4356
4362
4397
4357
4363
4398
4358
4364
4399
4359
4365
4400
4360
4366
4401
4367
4402
4362
4368
4403
4787
4363
4369
4404
4364
4370
4405
4365
4371
4406
4366
4372
4407
4367
4373
4408
4374
4409
4369
4375
4410
4794
4370
4376
4411
4371
4377
4412
4372
4378
4413
4373
4379
4414
4374
4380
4415
4381
4416
4376
4382
4417
4801
4377
4383
4418
4378
4384
4419
4379
4385
4420
4380
4386
4421
4381
4387
4422
4388
4423
4383
4424
4808
4384
4425
4385
4426
4386
4427
4387
4428
4388
4429
4430
4390
4396
4431
4815
4391
4397
4432
4392
4398
4433
4393
4399
4434
4394
4400
4435
4395
4401
4436
4402
4437
4397
4403
4438
4822
4398
4404
4439
4399
4405
4440
4400
4406
4441
4401
4407
4442
4402
4408
4443
4409
4444
4404
4410
4445
4829
4405
4411
4446
4406
4412
4447
4407
4413
4448
4408
4414
4449
4409
4415
4450
4416
4451
4411
4417
4452
4836
4412
4418
4453
4413
4419
4454
4414
4420
4455
4415
4421
4456
4416
4422
4457
4423
4458
4418
4424
4459
4843
4419
4425
4460
4420
4426
4461
4421
4427
4462
4422
4428
4463
4423
4429
4464
4430
4465
4425
4466
4850
4426
4467
4427
4468
4428
4469
4429
4470
4430
4471
4472
4432
4438
4473
4857
4433
4439
4474
4434
4440
4475
4435
4441
4476
4436
4442
4477
4437
4443
4478
4444
4479
4439
4445
4480
4864
4440
4446
4481
4441
4447
4482
4442
4448
4483
4443
4449
4484
4444
4450
4485
4451
4486
4446
4452
4487
4871
4447
4453
4488
4448
4454
4489
4449
4455
4490
4450
4456
4491
4451
4457
4492
4458
4493
4453
4459
4494
4878
4454
4460
4495
4455
4461
4496
4456
4462
4497
4457
4463
4498
4458
4464
4499
4465
4500
4460
4466
4501
4885
4461
4467
4502
4462
4468
4503
4463
4469
4504
4464
4470
4505
4465
4471
4506
4472
4507
4467
4508
4892
4468
4509
4469
4510
4470
4511
4471
4512
4472
4513
4514
4474
4480
4899
5565
4475
4481
5566
4476
4482
5567
4477
4483
5568
4478
4484
5569
4479
4485
5570
4486
5571
4481
4487
4906
5572
4482
4488
5573
4483
4489
5574
4484
4490
5575
4485
4491
5576
4486
4492
5577
4493
5578
4488
4494
4913
5579
4489
4495
5580
4490
4496
5581
4491
4497
5582
4492
4498
5583
4493
4499
5584
4500
5585
4495
4501
4920
5586
4496
4502
5587
4497
4503
5588
4498
4504
5589
4499
4505
5590
4500
4506
5591
4507
5592
4502
4508
4927
5593
4503
4509
5594
4504
4510
5595
4505
4511
5596
4506
4512
5597
4507
4513
5598
4514
5599
4509
4934
5600
4510
5601
4511
5602
4512
5603
4513
5604
4514
5605
5606
4516
4522
4557
4941
4517
4523
4558
4518
4524
4559
4519
4525
4560
4520
4526
4561
4521
4527
4562
4528
4563
4523
4529
4564
4948
4524
4530
4565
4525
4531
4566
4526
4532
4567
4527
4533
4568
4528
4534
4569
4535
4570
4530
4536
4571
4955
4531
4537
4572
4532
4538
4573
4533
4539
4574
4534
4540
4575
4535
4541
4576
4542
4577
4537
4543
4578
4962
4538
4544
4579
4539
4545
4580
4540
4546
4581
4541
4547
4582
4542
4548
4583
4549
4584
4544
4550
4585
4969
4545
4551
4586
4546
4552
4587
4547
4553
4588
4548
4554
4589
4549
4555
4590
4556
4591
4551
4592
4976
4552
4593
4553
4594
4554
4595
4555
4596
4556
4597
4598
4558
4564
4599
4983
4559
4565
4600
4560
4566
4601
4561
4567
4602
4562
4568
4603
4563
4569
4604
4570
4605
4565
4571
4606
4990
4566
4572
4607
4567
4573
4608
4568
4574
4609
4569
4575
4610
4570
4576
4611
4577
4612
4572
4578
4613
4997
4573
4579
4614
4574
4580
4615
4575
4581
4616
4576
4582
4617
4577
4583
4618
4584
4619
4579
4585
4620
5004
4580
4586
4621
4581
4587
4622
4582
4588
4623
4583
4589
4624
4584
4590
4625
4591
4626
4586
4592
4627
5011
4587
4593
4628
4588
4594
4629
4589
4595
4630
4590
4596
4631
4591
4597
4632
4598
4633
4593
4634
5018
4594
4635
4595
4636
4596
4637
4597
4638
4598
4639
4640
4600
4606
4641
5025
4601
4607
4642
4602
4608
4643
4603
4609
4644
4604
4610
4645
4605
4611
4646
4612
4647
4607
4613
4648
5032
4608
4614
4649
4609
4615
4650
4610
4616
4651
4611
4617
4652
4612
4618
4653
4619
4654
4614
4620
4655
5039
4615
4621
4656
4616
4622
4657
4617
4623
4658
4618
4624
4659
4619
4625
4660
4626
4661
4621
4627
4662
5046
4622
4628
4663
4623
4629
4664
4624
4630
4665
4625
4631
4666
4626
4632
4667
4633
4668
4628
4634
4669
5053
4629
4635
4670
4630
4636
4671
4631
4637
4672
4632
4638
4673
4633
4639
4674
4640
4675
4635
4676
5060
4636
4677
4637
4678
4638
4679
4639
4680
4640
4681
4682
4642
4648
4683
5067
4643
4649
4684
4644
4650
4685
4645
4651
4686
4646
4652
4687
4647
4653
4688
4654
4689
4649
4655
4690
5074
4650
4656
4691
4651
4657
4692
4652
4658
4693
4653
4659
4694
4654
4660
4695
4661
4696
4656
4662
4697
5081
4657
4663
4698
4658
4664
4699
4659
4665
4700
4660
4666
4701
4661
4667
4702
4668
4703
4663
4669
4704
5088
4664
4670
4705
4665
4671
4706
4666
4672
4707
4667
4673
4708
4668
4674
4709
4675
4710
4670
4676
4711
5095
4671
4677
4712
4672
4678
4713
4673
4679
4714
4674
4680
4715
4675
4681
4716
4682
4717
4677
4718
5102
4678
4719
4679
4720
4680
4721
4681
4722
4682
4723
4724
4684
4690
4725
5109
4685
4691
4726
4686
4692
4727
4687
4693
4728
4688
4694
4729
4689
4695
4730
4696
4731
4691
4697
4732
5116
4692
4698
4733
4693
4699
4734
4694
4700
4735
4695
4701
4736
4696
4702
4737
4703
4738
4698
4704
4739
5123
4699
4705
4740
4700
4706
4741
4701
4707
4742
4702
4708
4743
4703
4709
4744
4710
4745
4705
4711
4746
5130
4706
4712
4747
4707
4713
4748
4708
4714
4749
4709
4715
4750
4710
4716
4751
4717
4752
4712
4718
4753
5137
4713
4719
4754
4714
4720
4755
4715
4721
4756
4716
4722
4757
4717
4723
4758
4724
4759
4719
4760
5144
4720
4761
4721
4762
4722
4763
4723
4764
4724
4765
4766
4726
4732
4767
5151
4727
4733
4768
4728
4734
4769
4729
4735
4770
4730
4736
4771
4731
4737
4772
4738
4773
4733
4739
4774
5158
4734
4740
4775
4735
4741
4776
4736
4742
4777
4737
4743
4778
4738
4744
4779
4745
4780
4740
4746
4781
5165
4741
4747
4782
4742
4748
4783
4743
4749
4784
4744
4750
4785
4745
4751
4786
4752
4787
4747
4753
4788
5172
4748
4754
4789
4749
4755
4790
4750
4756
4791
4751
4757
4792
4752
4758
4793
4759
4794
4754
4760
4795
5179
4755
4761
4796
4756
4762
4797
4757
4763
4798
4758
4764
4799
4759
4765
4800
4766
4801
4761
4802
5186
4762
4803
4763
4804
4764
4805
4765
4806
4766
4807
4808
4768
4774
4809
5193
4769
4775
4810
4770
4776
4811
4771
4777
4812
4772
4778
4813
4773
4779
4814
4780
4815
4775
4781
4816
5200
4776
4782
4817
4777
4783
4818
4778
4784
4819
4779
4785
4820
4780
4786
4821
4787
4822
4782
4788
4823
5207
4783
4789
4824
4784
4790
4825
4785
4791
4826
4786
4792
4827
4787
4793
4828
4794
4829
4789
4795
4830
5214
4790
4796
4831
4791
4797
4832
4792
4798
4833
4793
4799
4834
4794
4800
4835
4801
4836
4796
4802
4837
5221
4797
4803
4838
4798
4804
4839
4799
4805
4840
4800
4806
4841
4801
4807
4842
4808
4843
4803
4844
5228
4804
4845
4805
4846
4806
4847
4807
4848
4808
4849
4850
4810
4816
4851
5235
4811
4817
4852
4812
4818
4853
4813
4819
4854
4814
4820
4855
4815
4821
4856
4822
4857
4817
4823
4858
5242
4818
4824
4859
4819
4825
4860
4820
4826
4861
4821
4827
4862
4822
4828
4863
4829
4864
4824
4830
4865
5249
4825
4831
4866
4826
4832
4867
4827
4833
4868
4828
4834
4869
4829
4835
4870
4836
4871
4831
4837
4872
5256
4832
4838
4873
4833
4839
4874
4834
4840
4875
4835
4841
4876
4836
4842
4877
4843
4878
4838
4844
4879
5263
4839
4845
4880
4840
4846
4881
4841
4847
4882
4842
4848
4883
4843
4849
4884
4850
4885
4845
4886
5270
4846
4887
4847
4888
4848
4889
4849
4890
4850
4891
4892
4852
4858
4893
5277
4853
4859
4894
4854
4860
4895
4855
4861
4896
4856
4862
4897
4857
4863
4898
4864
4899
4859
4865
4900
5284
4860
4866
4901
4861
4867
4902
4862
4868
4903
4863
4869
4904
4864
4870
4905
4871
4906
4866
4872
4907
5291
4867
4873
4908
4868
4874
4909
4869
4875
4910
4870
4876
4911
4871
4877
4912
4878
4913
4873
4879
4914
5298
4874
4880
4915
4875
4881
4916
4876
4882
4917
4877
4883
4918
4878
4884
4919
4885
4920
4880
4886
4921
5305
4881
4887
4922
4882
4888
4923
4883
4889
4924
4884
4890
4925
4885
4891
4926
4892
4927
4887
4928
5312
4888
4929
4889
4930
4890
4931
4891
4932
4892
4933
4934
4894
4900
5319
5775
4895
4901
5776
4896
4902
5777
4897
4903
5778
4898
4904
5779
4899
4905
5780
4906
5781
4901
4907
5326
5782
4902
4908
5783
4903
4909
5784
4904
4910
5785
4905
4911
5786
4906
4912
5787
4913
5788
4908
4914
5333
5789
4909
4915
5790
4910
4916
5791
4911
4917
5792
4912
4918
5793
4913
4919
5794
4920
5795
4915
4921
5340
5796
4916
4922
5797
4917
4923
5798
4918
4924
5799
4919
4925
5800
4920
4926
5801
4927
5802
4922
4928
5347
5803
4923
4929
5804
4924
4930
5805
4925
4931
5806
4926
4932
5807
4927
4933
5808
4934
5809
4929
5354
5810
4930
5811
4931
5812
4932
5813
4933
5814
4934
5815
5816
4936
4942
4977
4937
4943
4978
4938
4944
4979
4939
4945
4980
4940
4946
4981
4941
4947
4982
4948
4983
4943
4949
4984
4944
4950
4985
4945
4951
4986
4946
4952
4987
4947
4953
4988
4948
4954
4989
4955
4990
4950
4956
4991
4951
4957
4992
4952
4958
4993
4953
4959
4994
4954
4960
4995
4955
4961
4996
4962
4997
4957
4963
4998
4958
4964
4999
4959
4965
5000
4960
4966
5001
4961
4967
5002
4962
4968
5003
4969
5004
4964
4970
5005
4965
4971
5006
4966
4972
5007
4967
4973
5008
4968
4974
5009
4969
4975
5010
4976
5011
4971
5012
4972
5013
4973
5014
4974
5015
4975
5016
4976
5017
5018
4978
4984
5019
4979
4985
5020
4980
4986
5021
4981
4987
5022
4982
4988
5023
4983
4989
5024
4990
5025
4985
4991
5026
4986
4992
5027
4987
4993
5028
4988
4994
5029
4989
4995
5030
4990
4996
5031
4997
5032
4992
4998
5033
4993
4999
5034
4994
5000
5035
4995
5001
5036
4996
5002
5037
4997
5003
5038
5004
5039
4999
5005
5040
5000
5006
5041
5001
5007
5042
5002
5008
5043
5003
5009
5044
5004
5010
5045
5011
5046
5006
5012
5047
5007
5013
5048
5008
5014
5049
5009
5015
5050
5010
5016
5051
5011
5017
5052
5018
5053
5013
5054
5014
5055
5015
5056
5016
5057
5017
5058
5018
5059
5060
5020
5026
5061
5021
5027
5062
5022
5028
5063
5023
5029
5064
5024
5030
5065
5025
5031
5066
5032
5067
5027
5033
5068
5028
5034
5069
5029
5035
5070
5030
5036
5071
5031
5037
5072
5032
5038
5073
5039
5074
5034
5040
5075
5035
5041
5076
5036
5042
5077
5037
5043
5078
5038
5044
5079
5039
5045
5080
5046
5081
5041
5047
5082
5042
5048
5083
5043
5049
5084
5044
5050
5085
5045
5051
5086
5046
5052
5087
5053
5088
5048
5054
5089
5049
5055
5090
5050
5056
5091
5051
5057
5092
5052
5058
5093
5053
5059
5094
5060
5095
5055
5096
5056
5097
5057
5098
5058
5099
5059
5100
5060
5101
5102
5062
5068
5103
5063
5069
5104
5064
5070
5105
5065
5071
5106
5066
5072
5107
5067
5073
5108
5074
5109
5069
5075
5110
5070
5076
5111
5071
5077
5112
5072
5078
5113
5073
5079
5114
5074
5080
5115
5081
5116
5076
5082
5117
5077
5083
5118
5078
5084
5119
5079
5085
5120
5080
5086
5121
5081
5087
5122
5088
5123
5083
5089
5124
5084
5090
5125
5085
5091
5126
5086
5092
5127
5087
5093
5128
5088
5094
5129
5095
5130
5090
5096
5131
5091
5097
5132
5092
5098
5133
5093
5099
5134
5094
5100
5135
5095
5101
5136
5102
5137
5097
5138
5098
5139
5099
5140
5100
5141
5101
5142
5102
5143
5144
5104
5110
5145
5105
5111
5146
5106
5112
5147
5107
5113
5148
5108
5114
5149
5109
5115
5150
5116
5151
5111
5117
5152
5112
5118
5153
5113
5119
5154
5114
5120
5155
5115
5121
5156
5116
5122
5157
5123
5158
5118
5124
5159
5119
5125
5160
5120
5126
5161
5121
5127
5162
5122
5128
5163
5123
5129
5164
5130
5165
5125
5131
5166
5126
5132
5167
5127
5133
5168
5128
5134
5169
5129
5135
5170
5130
5136
5171
5137
5172
5132
5138
5173
5133
5139
5174
5134
5140
5175
5135
5141
5176
5136
5142
5177
5137
5143
5178
5144
5179
5139
5180
5140
5181
5141
5182
5142
5183
5143
5184
5144
5185
5186
5146
5152
5187
5147
5153
5188
5148
5154
5189
5149
5155
5190
5150
5156
5191
5151
5157
5192
5158
5193
5153
5159
5194
5154
5160
5195
5155
5161
5196
5156
5162
5197
5157
5163
5198
5158
5164
5199
5165
5200
5160
5166
5201
5161
5167
5202
5162
5168
5203
5163
5169
5204
5164
5170
5205
5165
5171
5206
5172
5207
5167
5173
5208
5168
5174
5209
5169
5175
5210
5170
5176
5211
5171
5177
5212
5172
5178
5213
5179
5214
5174
5180
5215
5175
5181
5216
5176
5182
5217
5177
5183
5218
5178
5184
5219
5179
5185
5220
5186
5221
5181
5222
5182
5223
5183
5224
5184
5225
5185
5226
5186
5227
5228
5188
5194
5229
5189
5195
5230
5190
5196
5231
5191
5197
5232
5192
5198
5233
5193
5199
5234
5200
5235
5195
5201
5236
5196
5202
5237
5197
5203
5238
5198
5204
5239
5199
5205
5240
5200
5206
5241
5207
5242
5202
5208
5243
5203
5209
5244
5204
5210
5245
5205
5211
5246
5206
5212
5247
5207
5213
5248
5214
5249
5209
5215
5250
5210
5216
5251
5211
5217
5252
5212
5218
5253
5213
5219
5254
5214
5220
5255
5221
5256
5216
5222
5257
5217
5223
5258
5218
5224
5259
5219
5225
5260
5220
5226
5261
5221
5227
5262
5228
5263
5223
5264
5224
5265
5225
5266
5226
5267
5227
5268
5228
5269
5270
5230
5236
5271
5231
5237
5272
5232
5238
5273
5233
5239
5274
5234
5240
5275
5235
5241
5276
5242
5277
5237
5243
5278
5238
5244
5279
5239
5245
5280
5240
5246
5281
5241
5247
5282
5242
5248
5283
5249
5284
5244
5250
5285
5245
5251
5286
5246
5252
5287
5247
5253
5288
5248
5254
5289
5249
5255
5290
5256
5291
5251
5257
5292
5252
5258
5293
5253
5259
5294
5254
5260
5295
5255
5261
5296
5256
5262
5297
5263
5298
5258
5264
5299
5259
5265
5300
5260
5266
5301
5261
5267
5302
5262
5268
5303
5263
5269
5304
5270
5305
5265
5306
5266
5307
5267
5308
5268
5309
5269
5310
5270
5311
5312
5272
5278
5313
5273
5279
5314
5274
5280
5315
5275
5281
5316
5276
5282
5317
5277
5283
5318
5284
5319
5279
5285
5320
5280
5286
5321
5281
5287
5322
5282
5288
5323
5283
5289
5324
5284
5290
5325
5291
5326
5286
5292
5327
5287
5293
5328
5288
5294
5329
5289
5295
5330
5290
5296
5331
5291
5297
5332
5298
5333
5293
5299
5334
5294
5300
5335
5295
5301
5336
5296
5302
5337
5297
5303
5338
5298
5304
5339
5305
5340
5300
5306
5341
5301
5307
5342
5302
5308
5343
5303
5309
5344
5304
5310
5345
5305
5311
5346
5312
5347
5307
5348
5308
5349
5309
5350
5310
5351
5311
5352
5312
5353
5354
5314
5320
5985
5315
5321
5986
5316
5322
5987
5317
5323
5988
5318
5324
5989
5319
5325
5990
5326
5991
5321
5327
5992
5322
5328
5993
5323
5329
5994
5324
5330
5995
5325
5331
5996
5326
5332
5997
5333
5998
5328
5334
5999
5329
5335
6000
5330
5336
6001
5331
5337
6002
5332
5338
6003
5333
5339
6004
5340
6005
5335
5341
6006
5336
5342
6007
5337
5343
6008
5338
5344
6009
5339
5345
6010
5340
5346
6011
5347
6012
5342
5348
6013
5343
5349
6014
5344
5350
6015
5345
5351
6016
5346
5352
6017
5347
5353
6018
5354
6019
5349
6020
5350
6021
5351
6022
5352
6023
5353
6024
5354
6025
6026
5356
5362
5397
5571
6195
5357
5363
5398
6202
5358
5364
5399
6209
5359
5365
5400
6216
5360
5366
5401
6223
5361
5367
5402
6230
5368
5403
5985
6237
5363
5369
5404
5578
5364
5370
5405
5365
5371
5406
5366
5372
5407
5367
5373
5408
5368
5374
5409
5375
5410
5992
5370
5376
5411
5585
5371
5377
5412
5372
5378
5413
5373
5379
5414
5374
5380
5415
5375
5381
5416
5382
5417
5999
5377
5383
5418
5592
5378
5384
5419
5379
5385
5420
5380
5386
5421
5381
5387
5422
5382
5388
5423
5389
5424
6006
5384
5390
5425
5599
5385
5391
5426
5386
5392
5427
5387
5393
5428
5388
5394
5429
5389
5395
5430
5396
5431
6013
5391
5432
5606
5392
5433
5393
5434
5394
5435
5395
5436
5396
5437
5438
6020
5398
5404
5439
5613
6244
5399
5405
5440
6251
5400
5406
5441
6258
5401
5407
5442
6265
5402
5408
5443
6272
5403
5409
5444
6279
5410
5445
6027
6286
5405
5411
5446
5620
5406
5412
5447
5407
5413
5448
5408
5414
5449
5409
5415
5450
5410
5416
5451
5417
5452
6034
5412
5418
5453
5627
5413
5419
5454
5414
5420
5455
5415
5421
5456
5416
5422
5457
5417
5423
5458
5424
5459
6041
5419
5425
5460
5634
5420
5426
5461
5421
5427
5462
5422
5428
5463
5423
5429
5464
5424
5430
5465
5431
5466
6048
5426
5432
5467
5641
5427
5433
5468
5428
5434
5469
5429
5435
5470
5430
5436
5471
5431
5437
5472
5438
5473
6055
5433
5474
5648
5434
5475
5435
5476
5436
5477
5437
5478
5438
5479
5480
6062
5440
5446
5481
5655
6293
5441
5447
5482
6300
5442
5448
5483
6307
5443
5449
5484
6314
5444
5450
5485
6321
5445
5451
5486
6328
5452
5487
6069
6335
5447
5453
5488
5662
5448
5454
5489
5449
5455
5490
5450
5456
5491
5451
5457
5492
5452
5458
5493
5459
5494
6076
5454
5460
5495
5669
5455
5461
5496
5456
5462
5497
5457
5463
5498
5458
5464
5499
5459
5465
5500
5466
5501
6083
5461
5467
5502
5676
5462
5468
5503
5463
5469
5504
5464
5470
5505
5465
5471
5506
5466
5472
5507
5473
5508
6090
5468
5474
5509
5683
5469
5475
5510
5470
5476
5511
5471
5477
5512
5472
5478
5513
5473
5479
5514
5480
5515
6097
5475
5516
5690
5476
5517
5477
5518
5478
5519
5479
5520
5480
5521
5522
6104
5482
5488
5523
5697
6342
5483
5489
5524
6349
5484
5490
5525
6356
5485
5491
5526
6363
5486
5492
5527
6370
5487
5493
5528
6377
5494
5529
6111
6384
5489
5495
5530
5704
5490
5496
5531
5491
5497
5532
5492
5498
5533
5493
5499
5534
5494
5500
5535
5501
5536
6118
5496
5502
5537
5711
5497
5503
5538
5498
5504
5539
5499
5505
5540
5500
5506
5541
5501
5507
5542
5508
5543
6125
5503
5509
5544
5718
5504
5510
5545
5505
5511
5546
5506
5512
5547
5507
5513
5548
5508
5514
5549
5515
5550
6132
5510
5516
5551
5725
5511
5517
5552
5512
5518
5553
5513
5519
5554
5514
5520
5555
5515
5521
5556
5522
5557
6139
5517
5558
5732
5518
5559
5519
5560
5520
5561
5521
5562
5522
5563
5564
6146
5524
5530
5739
6391
5525
5531
6398
5526
5532
6405
5527
5533
6412
5528
5534
6419
5529
5535
6426
5536
6153
6433
5531
5537
5746
5532
5538
5533
5539
5534
5540
5535
5541
5536
5542
5543
6160
5538
5544
5753
5539
5545
5540
5546
5541
5547
5542
5548
5543
5549
5550
6167
5545
5551
5760
5546
5552
5547
5553
5548
5554
5549
5555
5550
5556
5557
6174
5552
5558
5767
5553
5559
5554
5560
5555
5561
5556
5562
5557
5563
5564
6181
5559
5774
5560
5561
5562
5563
5564
6188
5566
5572
5607
5781
6201
5567
5573
5608
6200
5568
5574
5609
6199
5569
5575
5610
6198
5570
5576
5611
6197
5571
5577
5612
6196
5578
5613
6195
5573
5579
5614
5788
5574
5580
5615
5575
5581
5616
5576
5582
5617
5577
5583
5618
5578
5584
5619
5585
5620
5580
5586
5621
5795
5581
5587
5622
5582
5588
5623
5583
5589
5624
5584
5590
5625
5585
5591
5626
5592
5627
5587
5593
5628
5802
5588
5594
5629
5589
5595
5630
5590
5596
5631
5591
5597
5632
5592
5598
5633
5599
5634
5594
5600
5635
5809
5595
5601
5636
5596
5602
5637
5597
5603
5638
5598
5604
5639
5599
5605
5640
5606
5641
5601
5642
5816
5602
5643
5603
5644
5604
5645
5605
5646
5606
5647
5648
5608
5614
5649
5823
6250
5609
5615
5650
6249
5610
5616
5651
6248
5611
5617
5652
6247
5612
5618
5653
6246
5613
5619
5654
6245
5620
5655
6244
5615
5621
5656
5830
5616
5622
5657
5617
5623
5658
5618
5624
5659
5619
5625
5660
5620
5626
5661
5627
5662
5622
5628
5663
5837
5623
5629
5664
5624
5630
5665
5625
5631
5666
5626
5632
5667
5627
5633
5668
5634
5669
5629
5635
5670
5844
5630
5636
5671
5631
5637
5672
5632
5638
5673
5633
5639
5674
5634
5640
5675
5641
5676
5636
5642
5677
5851
5637
5643
5678
5638
5644
5679
5639
5645
5680
5640
5646
5681
5641
5647
5682
5648
5683
5643
5684
5858
5644
5685
5645
5686
5646
5687
5647
5688
5648
5689
5690
5650
5656
5691
5865
6299
5651
5657
5692
6298
5652
5658
5693
6297
5653
5659
5694
6296
5654
5660
5695
6295
5655
5661
5696
6294
5662
5697
6293
5657
5663
5698
5872
5658
5664
5699
5659
5665
5700
5660
5666
5701
5661
5667
5702
5662
5668
5703
5669
5704
5664
5670
5705
5879
5665
5671
5706
5666
5672
5707
5667
5673
5708
5668
5674
5709
5669
5675
5710
5676
5711
5671
5677
5712
5886
5672
5678
5713
5673
5679
5714
5674
5680
5715
5675
5681
5716
5676
5682
5717
5683
5718
5678
5684
5719
5893
5679
5685
5720
5680
5686
5721
5681
5687
5722
5682
5688
5723
5683
5689
5724
5690
5725
5685
5726
5900
5686
5727
5687
5728
5688
5729
5689
5730
5690
5731
5732
5692
5698
5733
5907
6348
5693
5699
5734
6347
5694
5700
5735
6346
5695
5701
5736
6345
5696
5702
5737
6344
5697
5703
5738
6343
5704
5739
6342
5699
5705
5740
5914
5700
5706
5741
5701
5707
5742
5702
5708
5743
5703
5709
5744
5704
5710
5745
5711
5746
5706
5712
5747
5921
5707
5713
5748
5708
5714
5749
5709
5715
5750
5710
5716
5751
5711
5717
5752
5718
5753
5713
5719
5754
5928
5714
5720
5755
5715
5721
5756
5716
5722
5757
5717
5723
5758
5718
5724
5759
5725
5760
5720
5726
5761
5935
5721
5727
5762
5722
5728
5763
5723
5729
5764
5724
5730
5765
5725
5731
5766
5732
5767
5727
5768
5942
5728
5769
5729
5770
5730
5771
5731
5772
5732
5773
5774
5734
5740
5949
6397
5735
5741
6396
5736
5742
6395
5737
5743
6394
5738
5744
6393
5739
5745
6392
5746
6391
5741
5747
5956
5742
5748
5743
5749
5744
5750
5745
5751
5746
5752
5753
5748
5754
5963
5749
5755
5750
5756
5751
5757
5752
5758
5753
5759
5760
5755
5761
5970
5756
5762
5757
5763
5758
5764
5759
5765
5760
5766
5767
5762
5768
5977
5763
5769
5764
5770
5765
5771
5766
5772
5767
5773
5774
5769
5984
5770
5771
5772
5773
5774
5776
5782
5817
5991
6243
5777
5783
5818
6236
5778
5784
5819
6229
5779
5785
5820
6222
5780
5786
5821
6215
5781
5787
5822
6208
5788
5823
6201
5783
5789
5824
5998
5784
5790
5825
5785
5791
5826
5786
5792
5827
5787
5793
5828
5788
5794
5829
5795
5830
5790
5796
5831
6005
5791
5797
5832
5792
5798
5833
5793
5799
5834
5794
5800
5835
5795
5801
5836
5802
5837
5797
5803
5838
6012
5798
5804
5839
5799
5805
5840
5800
5806
5841
5801
5807
5842
5802
5808
5843
5809
5844
5804
5810
5845
6019
5805
5811
5846
5806
5812
5847
5807
5813
5848
5808
5814
5849
5809
5815
5850
5816
5851
5811
5852
6026
5812
5853
5813
5854
5814
5855
5815
5856
5816
5857
5858
5818
5824
5859
6033
6292
5819
5825
5860
6285
5820
5826
5861
6278
5821
5827
5862
6271
5822
5828
5863
6264
5823
5829
5864
6257
5830
5865
6250
5825
5831
5866
6040
5826
5832
5867
5827
5833
5868
5828
5834
5869
5829
5835
5870
5830
5836
5871
5837
5872
5832
5838
5873
6047
5833
5839
5874
5834
5840
5875
5835
5841
5876
5836
5842
5877
5837
5843
5878
5844
5879
5839
5845
5880
6054
5840
5846
5881
5841
5847
5882
5842
5848
5883
5843
5849
5884
5844
5850
5885
5851
5886
5846
5852
5887
6061
5847
5853
5888
5848
5854
5889
5849
5855
5890
5850
5856
5891
5851
5857
5892
5858
5893
5853
5894
6068
5854
5895
5855
5896
5856
5897
5857
5898
5858
5899
5900
5860
5866
5901
6075
6341
5861
5867
5902
6334
5862
5868
5903
6327
5863
5869
5904
6320
5864
5870
5905
6313
5865
5871
5906
6306
5872
5907
6299
5867
5873
5908
6082
5868
5874
5909
5869
5875
5910
5870
5876
5911
5871
5877
5912
5872
5878
5913
5879
5914
5874
5880
5915
6089
5875
5881
5916
5876
5882
5917
5877
5883
5918
5878
5884
5919
5879
5885
5920
5886
5921
5881
5887
5922
6096
5882
5888
5923
5883
5889
5924
5884
5890
5925
5885
5891
5926
5886
5892
5927
5893
5928
5888
5894
5929
6103
5889
5895
5930
5890
5896
5931
5891
5897
5932
5892
5898
5933
5893
5899
5934
5900
5935
5895
5936
6110
5896
5937
5897
5938
5898
5939
5899
5940
5900
5941
5942
5902
5908
5943
6117
6390
5903
5909
5944
6383
5904
5910
5945
6376
5905
5911
5946
6369
5906
5912
5947
6362
5907
5913
5948
6355
5914
5949
6348
5909
5915
5950
6124
5910
5916
5951
5911
5917
5952
5912
5918
5953
5913
5919
5954
5914
5920
5955
5921
5956
5916
5922
5957
6131
5917
5923
5958
5918
5924
5959
5919
5925
5960
5920
5926
5961
5921
5927
5962
5928
5963
5923
5929
5964
6138
5924
5930
5965
5925
5931
5966
5926
5932
5967
5927
5933
5968
5928
5934
5969
5935
5970
5930
5936
5971
6145
5931
5937
5972
5932
5938
5973
5933
5939
5974
5934
5940
5975
5935
5941
5976
5942
5977
5937
5978
6152
5938
5979
5939
5980
5940
5981
5941
5982
5942
5983
5984
5944
5950
6159
6439
5945
5951
6432
5946
5952
6425
5947
5953
6418
5948
5954
6411
5949
5955
6404
5956
6397
5951
5957
6166
5952
5958
5953
5959
5954
5960
5955
5961
5956
5962
5963
5958
5964
6173
5959
5965
5960
5966
5961
5967
5962
5968
5963
5969
5970
5965
5971
6180
5966
5972
5967
5973
5968
5974
5969
5975
5970
5976
5977
5972
5978
6187
5973
5979
5974
5980
5975
5981
5976
5982
5977
5983
5984
5979
6194
5980
5981
5982
5983
5984
5986
5992
6027
6237
5987
5993
6028
6238
5988
5994
6029
6239
5989
5995
6030
6240
5990
5996
6031
6241
5991
5997
6032
6242
5998
6033
6243
5993
5999
6034
5994
6000
6035
5995
6001
6036
5996
6002
6037
5997
6003
6038
5998
6004
6039
6005
6040
6000
6006
6041
6001
6007
6042
6002
6008
6043
6003
6009
6044
6004
6010
6045
6005
6011
6046
6012
6047
6007
6013
6048
6008
6014
6049
6009
6015
6050
6010
6016
6051
6011
6017
6052
6012
6018
6053
6019
6054
6014
6020
6055
6015
6021
6056
6016
6022
6057
6017
6023
6058
6018
6024
6059
6019
6025
6060
6026
6061
6021
6062
6022
6063
6023
6064
6024
6065
6025
6066
6026
6067
6068
6028
6034
6069
6286
6029
6035
6070
6287
6030
6036
6071
6288
6031
6037
6072
6289
6032
6038
6073
6290
6033
6039
6074
6291
6040
6075
6292
6035
6041
6076
6036
6042
6077
6037
6043
6078
6038
6044
6079
6039
6045
6080
6040
6046
6081
6047
6082
6042
6048
6083
6043
6049
6084
6044
6050
6085
6045
6051
6086
6046
6052
6087
6047
6053
6088
6054
6089
6049
6055
6090
6050
6056
6091
6051
6057
6092
6052
6058
6093
6053
6059
6094
6054
6060
6095
6061
6096
6056
6062
6097
6057
6063
6098
6058
6064
6099
6059
6065
6100
6060
6066
6101
6061
6067
6102
6068
6103
6063
6104
6064
6105
6065
6106
6066
6107
6067
6108
6068
6109
6110
6070
6076
6111
6335
6071
6077
6112
6336
6072
6078
6113
6337
6073
6079
6114
6338
6074
6080
6115
6339
6075
6081
6116
6340
6082
6117
6341
6077
6083
6118
6078
6084
6119
6079
6085
6120
6080
6086
6121
6081
6087
6122
6082
6088
6123
6089
6124
6084
6090
6125
6085
6091
6126
6086
6092
6127
6087
6093
6128
6088
6094
6129
6089
6095
6130
6096
6131
6091
6097
6132
6092
6098
6133
6093
6099
6134
6094
6100
6135
6095
6101
6136
6096
6102
6137
6103
6138
6098
6104
6139
6099
6105
6140
6100
6106
6141
6101
6107
6142
6102
6108
6143
6103
6109
6144
6110
6145
6105
6146
6106
6147
6107
6148
6108
6149
6109
6150
6110
6151
6152
6112
6118
6153
6384
6113
6119
6154
6385
6114
6120
6155
6386
6115
6121
6156
6387
6116
6122
6157
6388
6117
6123
6158
6389
6124
6159
6390
6119
6125
6160
6120
6126
6161
6121
6127
6162
6122
6128
6163
6123
6129
6164
6124
6130
6165
6131
6166
6126
6132
6167
6127
6133
6168
6128
6134
6169
6129
6135
6170
6130
6136
6171
6131
6137
6172
6138
6173
6133
6139
6174
6134
6140
6175
6135
6141
6176
6136
6142
6177
6137
6143
6178
6138
6144
6179
6145
6180
6140
6146
6181
6141
6147
6182
6142
6148
6183
6143
6149
6184
6144
6150
6185
6145
6151
6186
6152
6187
6147
6188
6148
6189
6149
6190
6150
6191
6151
6192
6152
6193
6194
6154
6160
6433
6155
6161
6434
6156
6162
6435
6157
6163
6436
6158
6164
6437
6159
6165
6438
6166
6439
6161
6167
6162
6168
6163
6169
6164
6170
6165
6171
6166
6172
6173
6168
6174
6169
6175
6170
6176
6171
6177
6172
6178
6173
6179
6180
6175
6181
6176
6182
6177
6183
6178
6184
6179
6185
6180
6186
6187
6182
6188
6183
6189
6184
6190
6185
6191
6186
6192
6187
6193
6194
6189
6190
6191
6192
6193
6194
6196
6202
6244
6197
6203
6245
6198
6204
6246
6199
6205
6247
6200
6206
6248
6201
6207
6249
6208
6250
6203
6209
6251
6204
6210
6252
6205
6211
6253
6206
6212
6254
6207
6213
6255
6208
6214
6256
6215
6257
6210
6216
6258
6211
6217
6259
6212
6218
6260
6213
6219
6261
6214
6220
6262
6215
6221
6263
6222
6264
6217
6223
6265
6218
6224
6266
6219
6225
6267
6220
6226
6268
6221
6227
6269
6222
6228
6270
6229
6271
6224
6230
6272
6225
6231
6273
6226
6232
6274
6227
6233
6275
6228
6234
6276
6229
6235
6277
6236
6278
6231
6237
6279
6232
6238
6280
6233
6239
6281
6234
6240
6282
6235
6241
6283
6236
6242
6284
6243
6285
6238
6286
6239
6287
6240
6288
6241
6289
6242
6290
6243
6291
6292
6245
6251
6293
6246
6252
6294
6247
6253
6295
6248
6254
6296
6249
6255
6297
6250
6256
6298
6257
6299
6252
6258
6300
6253
6259
6301
6254
6260
6302
6255
6261
6303
6256
6262
6304
6257
6263
6305
6264
6306
6259
6265
6307
6260
6266
6308
6261
6267
6309
6262
6268
6310
6263
6269
6311
6264
6270
6312
6271
6313
6266
6272
6314
6267
6273
6315
6268
6274
6316
6269
6275
6317
6270
6276
6318
6271
6277
6319
6278
6320
6273
6279
6321
6274
6280
6322
6275
6281
6323
6276
6282
6324
6277
6283
6325
6278
6284
6326
6285
6327
6280
6286
6328
6281
6287
6329
6282
6288
6330
6283
6289
6331
6284
6290
6332
6285
6291
6333
6292
6334
6287
6335
6288
6336
6289
6337
6290
6338
6291
6339
6292
6340
6341
6294
6300
6342
6295
6301
6343
6296
6302
6344
6297
6303
6345
6298
6304
6346
6299
6305
6347
6306
6348
6301
6307
6349
6302
6308
6350
6303
6309
6351
6304
6310
6352
6305
6311
6353
6306
6312
6354
6313
6355
6308
6314
6356
6309
6315
6357
6310
6316
6358
6311
6317
6359
6312
6318
6360
6313
6319
6361
6320
6362
6315
6321
6363
6316
6322
6364
6317
6323
6365
6318
6324
6366
6319
6325
6367
6320
6326
6368
6327
6369
6322
6328
6370
6323
6329
6371
6324
6330
6372
6325
6331
6373
6326
6332
6374
6327
6333
6375
6334
6376
6329
6335
6377
6330
6336
6378
6331
6337
6379
6332
6338
6380
6333
6339
6381
6334
6340
6382
6341
6383
6336
6384
6337
6385
6338
6386
6339
6387
6340
6388
6341
6389
6390
6343
6349
6391
6344
6350
6392
6345
6351
6393
6346
6352
6394
6347
6353
6395
6348
6354
6396
6355
6397
6350
6356
6398
6351
6357
6399
6352
6358
6400
6353
6359
6401
6354
6360
6402
6355
6361
6403
6362
6404
6357
6363
6405
6358
6364
6406
6359
6365
6407
6360
6366
6408
6361
6367
6409
6362
6368
6410
6369
6411
6364
6370
6412
6365
6371
6413
6366
6372
6414
6367
6373
6415
6368
6374
6416
6369
6375
6417
6376
6418
6371
6377
6419
6372
6378
6420
6373
6379
6421
6374
6380
6422
6375
6381
6423
6376
6382
6424
6383
6425
6378
6384
6426
6379
6385
6427
6380
6386
6428
6381
6387
6429
6382
6388
6430
6383
6389
6431
6390
6432
6385
6433
6386
6434
6387
6435
6388
6436
6389
6437
6390
6438
6439
6392
6398
6393
6399
6394
6400
6395
6401
6396
6402
6397
6403
6404
6399
6405
6400
6406
6401
6407
6402
6408
6403
6409
6404
6410
6411
6406
6412
6407
6413
6408
6414
6409
6415
6410
6416
6411
6417
6418
6413
6419
6414
6420
6415
6421
6416
6422
6417
6423
6418
6424
6425
6420
6426
6421
6427
6422
6428
6423
6429
6424
6430
6425
6431
6432
6427
6433
6428
6434
6429
6435
6430
6436
6431
6437
6432
6438
6439
6434
6435
6436
6437
6438
6439
)


// ************************************************************************* //
